2,4,15 	11393
2,4,16 	106
1,2,7,8,10,14,15,16 	9
2,4,14 	8
1,2,3,4,5,6,9,10,11,12,14,15 	1
2,4,11 	60
1,2,4,5,6,7,8,10,15,16 	3
1,2,3,6,10,11,13,15,16 	1
1,2,4,7,10,13,15 	12
8,10 	1937
1,2,6,9,14 	14
8,14 	21608
1,2,3,4,9,10,11,12,14,15,16 	3
1,2,4,7,10,13,16 	1
1,2,8,14,15 	3
1,2,8,14,16 	3
1,2,9,11,13,14,15,16 	1
1,2,6,8,9,10,11,12,14,15 	2
1,2,6,8,9,10,11,12,14,16 	1
1,2,3,4,10,12,13,14,15 	2
1,2,3,4,5,14,16 	15
1,2,4,5,10,11 	12
1,2,3,4,5,14,15 	11
1,2,3,5,7,10,12,13,15 	1
1,2,6,7,8,9,10,11,13,16 	1
1,2,3,5,6,7,10,14 	8
1,2,4,5,10,13 	9
1,2,5,6,8,9,10,13 	1
1,2,4,5,10,15 	15
1,2,5,6,8,9,10,14 	1
1,2,4,5,10,14 	39
1,2,3,5,12,14,15,16 	1
1,2,5,6,8,9,10,11 	3
1,2,4,5,10,16 	10
3,14,16 	2
3,14,15 	8
1,4,14,16 	1
1,2,3,5,6,8,9,14 	2
1 	46189
2 	6816
3 	10251
1,2,3,5,6,7,9,10,14,15,16 	4
2,4,7,11,15 	3
4 	537
1,2,3,5,6,8 	3
1,2,3,4,6,9,14,16 	14
1,2,5,9,10,13,14,15,16 	47
5 	11
1,2,3,5,8,10,11,14,15,16 	13
1,2,5,6,9,10,11,12,14,15,16 	3
1,2,3,9,12,14,15,16 	2
6 	156
7 	5836
1,2,6,10,12,13,15,16 	2
8 	75810
1,2,3,5,10,13,15,16 	2
9 	237
1,2,3,5,6,9,10,14,15 	14
1,2,5,11,14 	399
1,2,4,6,7,14,16 	3
1,2,3,5,6,9,10,14,16 	1
1,2,5,11,13 	41
1,2,3,7,12,14,15,16 	101
1,3,5,6 	26
6,8 	8
1,2,4,7,8,10,16 	2
1,2,3,4,6,8,9,10,11,13,14,15 	1
1,2,4,7,10,11,14,15,16 	45
1,2,6,7,10,14,16 	2
1,2,4,7,8,10,15 	2
1,2,10 	477220
1,2,3,14,16 	466
1,2,11 	6262
1,2,13 	34777
1,2,3,5,6,8,9,10,14,15,16 	1
1,2,14 	465033
1,2,15 	3105
1,2,16 	62
1,2,3,6,11,15 	1
1,2,3,5,10,11,14 	8
15,16 	6757954
1,3,4,5,6,16 	5
1,2,3,10,11,13,14 	8
1,2,3,14,15 	2084
1,2,3,10,11,13,15 	13
1,2,3,5,10,11,15 	10
1,2,4,6,7,10,11,14,15,16 	4
1,2,7,10,11,13,16 	2
1,2,3,4,7,8,10,12,13,14,15,16 	7
1,2,5,10,11,13,14 	14256
1,2,7,10,11,13,14 	1
1,3,5,6,10,11,14 	3
1,2,5,10,11,13,15 	261
1,2,5,7,14,15,16 	3
1,2,9,10,11,13,16 	4
1,2,5,10,11,13,16 	14
1,2,3,8,9,14 	2
1,2,3,6,9,10,14,15 	7
1,3,4,10,14 	2
1,2,9,10,11,13,14 	47
1,2,6,7,9,10,12,14,15,16 	1
2,10,14,15,16 	2
1,3,4,10,16 	6
1,2,3,4,5,10,11,12,14,15,16 	7
1,2,5,6,9,10,14,15 	9
1,2,4,5,6,8,10,14,15,16 	11
1,2,4,5,10,13,15,16 	23
1,2,5,7,9,10,11,16 	3
1,2,4,5,6,10,12,13,14,15,16 	1
2,5,10,14 	7
1,2,3,4,5,6,7,8,9,10,12,14,15,16 	240
1,2,3,12,13,15,16 	2
1,2,5,7,9,10,11,13 	2
1,2,3,4,6,7,8,9,12,14,15,16 	2
1,2,3,5,6,9,10,11,14,15,16 	10
1,2,3,7,8,9,10,14,15,16 	2
1,2,5,10,11,12,13,14,15,16 	21
1,2,4,7,10,13,15,16 	12
1,2,6,9,14,16 	1
1,2,4,10,11,12,14,15,16 	2
1,2,3,7,10,11,13,14,15,16 	22
1,2,3,4,5,6,9,14,16 	11
1,2,4,9,10,11,14,15 	1
1,2,3,9,10,12,13,14,15,16 	1
1,2,6,8,10,14,15,16 	7
1,2,8,14,15,16 	21
1,2,4,5,9,10,11 	4
1,2,3,5,10,11,13,14,15 	5846
1,2,3,5,6,8,9,10,11,12,14,15,16 	1
1,2,4,5,10,11,14,16 	6
1,2,4,7,10,11,14,15 	104
1,2,4,5,10,11,14,15 	26
1,2,3,9,10,14,15 	26
1,2,3,4,11,13,14,15 	10
1,2,5,8,10,12,13,15,16 	1
1,2,3,6,11,13,14,15 	2
1,2,5,6,8,10,12,13,14,15,16 	1
1,2,3,5,6,11,13,14,15 	3
1,3,9,10,14 	1
1,2,4,12,15,16 	294
1,3,5,6,14,16 	7
1,2,5,6,9,10,11,12,14 	6
1,2,3,5,7,10,12,14,15,16 	1990
1,2,3,4,6,9,12,14,15,16 	2
1,2,3,4,5,6,10,11,12,14,15,16 	1
1,2,4,5,6,10,13,14,15,16 	7
1,2,4,7,9,10,13,14,15,16 	1
1,6,9,10,11 	1
1,2,3,4,6,7,12,14,15,16 	11
1,6,9,10,14 	6
1,2,5,9,10,11,14,15 	5
1,2,5,7,8,10,14,15 	2
1,2,3,5,10,12,13,14,15,16 	109
1,2,3,9,14,15 	1
1,2,4,5,6,7,8,9,10,11,12 	1
1,2,3,9,14,16 	5
1,2,4,6,9,11,13 	1
1,2,5,7,10,11,14,15 	2
1,2,3,5,6,10,14 	201
1,6,8,9,11,13 	1
1,2,3,6,11,14,15 	3
1,2,3,4,5,7,10,14,16 	16
1,2,4,6,12,16 	1
1,2,3,4,5,9,12,14,15,16 	1
1,2,3,4,5,7,10,14,15 	551
1,2,4,10,11,14,15,16 	299
1,2,4,8,9,10,16 	1
1,2,3,4,5,7,12,14,15,16 	12
1,2,5,6,8,14,15,16 	1
1,2,3,4,5,7,8,10,12,13,14,15,16 	5
1,2,4,8,9,10,13 	1
2,3,4,12,14,16 	15
1,2,9,11,13,14 	3
1,2,4,5,7,10,11,15,16 	3
1,2,4,6,9,11,14,15,16 	2
1,2,5,7,15 	1
1,2,3,4,6,7,8,14,15,16 	3
1,2,4,5,6,12,14,16 	1
1,2,3,4,5,7,8,12,14,15,16 	3
1,2,5,7,14 	1
1,2,4,6,8,10,15,16 	1
1,2,3,9,10,11,13,14,15 	6
2,3,4,5,7,10,14,15,16 	2
1,2,5,7,10 	27
1,2,10,15,16 	9227
1,2,6,9,10,12,14,15,16 	18
1,2,4,5,10,15,16 	54
1,2,3,8,9,10,11,13,14,15,16 	1
1,2,3,4,5,6,7,9,10,11,14,15,16 	10
1,2,3,4,7,8,10,14,15,16 	1246
1,2,6,9,10,11 	28
1,2,3,6,9,14,16 	6
1,2,3,7,9,10,13,14,15,16 	1
1,2,3,4,5,9,10,12,14,15,16 	29
1,2,3,7,10,11,14,15 	32
1,2,8,9,10,11,14,15,16 	1
1,2,4,11,14,15,16 	9
1,2,4,5,6,9,10,11,13 	12
1,2,4,5,6,9,10,11,14 	5
1,2,3,8,10,11,14,15,16 	8
1,2,6,7,9,10,13,16 	1
1,2,4,5,7,9,10,12,14,15,16 	45
1,3,5,6,14 	22
1,3,4,8,10,14 	2
1,2,3,4,6,10,11,13,14,15 	44
1,2,4,5,6,9,10,11,16 	1
1,2,4,5,6,14,16 	11
1,3,5,6,10 	3
1,2,6,9,10,14 	120
1,2,6,9,10,13 	3
1,2,3,4,5,8,14,16 	5
1,2,3,4,5,8,14,15 	5
1,2,4,5,6,10,11,13,15 	2
1,2,4,5,6,10,11,13,14 	35
1,2,4,5,6,10,11,13,16 	1
1,2,10,11,12,13,14,15,16 	9
1,4,5,6,8,14 	1
1,2,5,6,7,9,10,13,14,16 	1
1,5,6,9,14 	21
1,2,3,6,7,8,10,14 	1
1,2,3,4,10,16 	24
1,2,3,4,10,15 	289
1,2,8,10,12,14,15,16 	101
1,5,6,9,11 	2
1,2,3,4,10,14 	49
1,3,5,6,10,14 	4
1,2,6,10,11,15,16 	18
2,3 	399685
1,2,3,4,5,6,9,10,11,14,15,16 	5
2,4 	3282
1,2,5,6,7,8,9,10,11 	1
1,2,4,7,12,14,15 	1
2,7 	754
2,8 	54
1,2,3,4,5,6,11,13,14,15,16 	1
1,2,5,15,16 	10
1,2,3,4,5,9,10,11,14,15 	6
1,13,14 	16
2,12,15 	8
1,2,3,4,5,6,10,11,14,15,16 	44
1,2,5,6,10,16 	1
2,3,11,15,16 	193
1,2,4,5,10,11,13,15,16 	50
1,2,3,5,6,14,16 	91
1,2,5,6,7,9,10,11,13 	2
1,2,5,6,7,9,10,11,12 	1
1,2,3,5,6,14,15 	2
1,2,4,6,8,9,10,11,14,15 	1
1,2,3,5,6,13,14,16 	12
1,2,4,6,8,9,10,14,16 	1
1,2,4,5,6,7,9,10,11,14,16 	1
1,2,5,6,7,9,10,11,14 	4
1,2,3,4,5,7,10,11,13,14,15 	13
1,5,8,10,14 	19
1,2,3,4,7,9,12,14,15,16 	2
1,2,5,6,10,13 	48
1,2,5,6,10,14 	3033
1,2,5,6,10,15 	4
1,2,5,11,13,14,15,16 	3
1,2,5,6,10,14,15,16 	274
1,2,3,10,12,13,14,15,16 	80
1,2,4,5,6,7,8,10,14,15,16 	2
1,2,3,8,9,10,11,14,15 	1
1,2,5,6,10,11 	39
1,2,3,6,10,11,12,13,14,15,16 	2
1,2,3,4,5,12,14,15,16 	1
1,2,6,7,10,11,12,15,16 	1
1,2,3,4,6,10,11,13,14 	2
1,2,6,10,11,13,14,16 	1
1,2,5,9,10,13,15,16 	1
1,2,5,7,12,14,15,16 	7
1,2,3,4,6,9,10,11,14,15 	3
1,2,6,10,11,13,14,15 	12
1,2,5,6,8,9,10,11,12,14,15 	1
1,14 	173944
1,2,3,4,9,12,14,15,16 	1
1,2,3,4,6,8,10,14,15,16 	107
1,12 	1
1,2,3,4,5,7,9,10,11,14,15,16 	3
1,13 	3502
1,10 	212054
1,11 	14764
1,2,10,11,14,16 	15
1,2,10,11,14,15 	2627
1,2,3,4,7,11,12,14,15 	1
1,5,6,13,14 	1
1,2,4,5,6,8,9,10,11,12,14,15 	2
1,2,3,6,7,10,11,14,15,16 	7
1,2,5,6,7,10,11,14,15,16 	1
1,2,4,6,10,14,15,16 	73
1,2,5,6,8,10,11,14,15 	1
1,2,3,6,8,9,10,13,14 	1
1,3,6,11,15,16 	1
1,9,10,14,15,16 	1
1,2,4,7,12,14,15,16 	72
1,2,4,10,14,15 	4643
1,2,3,4,5,6,7,8,10,14,15 	2
1,2,4,10,14,16 	333
1,2,3,4,5,6,7,9,10,11,13,14,15,16 	4
1,2,3,6,9,10,11,14,15 	9
1,2,4,8,9,10,12,14,15,16 	1
1,2,3,4,5,6,8,9,10,11,14,15,16 	3
1,2,3,4,5,6,7,10,14,16 	15
1,2,3,14,15,16 	1169
1,2,4,9,10,11,13,14,15,16 	6
1,2,3,4,5,6,7,10,14,15 	16
1,2,3,5,9,10,11,13,14,15 	11
1,2,3,10,12,15,16 	721
1,2,5,6,8,9,10,11,13,16 	2
1,2,3,6,10,14,15,16 	116
1,4,5,6,14,16 	2
1,2,5,6,8,9,10,11,13,14 	10
1,2,3,10,13,14,16 	24
1,2,7,8,10,15,16 	2
1,2,3,10,13,14,15 	1014
1,16 	4
1,2,3,5,7,8,10,12,14,15,16 	41
1,2,3,4,5,6,8,10,13,14,15,16 	1
1,2,3,5,6,10,15,16 	2
1,2,6,8,9,10,11,12,16 	1
1,2,7,10,12,15,16 	513
1,2,4,11,13,14 	10
1,2,4,11,13,15 	2
1,2,3,4,5,7,14,15,16 	31
1,2,3,4,5,6,7,8,10,13,14,15,16 	3
1,2,3,4,8,15 	2
1,2,3,4,8,16 	1
1,2,7,10,13,14,15 	43
1,2,6,8,9,14 	6
1,2,10,12,14,15,16 	9382
1,2,6,7,10,11,13,14,16 	1
1,2,5,6,7,10,14,15,16 	11
3,10,14 	4
1,2,3,5,6 	14
1,2,3,4,5,7,10,11,13,14,15,16 	44
1,2,5,7,8,10 	2
1,2,3,4,7,9,10,11,14,15 	2
1,2,4,5,6,8,10,14,15 	1
1,2,3,4,8,10,14 	2
1,2,4,5,6,8,10,14,16 	1
1,2,3,4,8,10,15 	1
1,2,3,4,5,10,16 	2
1,2,3,4,5,10,15 	1
1,2,3,4,5,10,14 	5
1,2,4,5,6,10,11,13,15,16 	19
1,2,5,10,11,12,15,16 	2
1,2,3,4,7,12,13,14,15,16 	2
1,2,3,4,7,10,15,16 	2307
1,2,3,4,5,6,7,8,9,10,11,13,14,15,16 	1
1,2,4,5,6,10,12,15,16 	1
1,2,5,6,7,9,10,12,14,15,16 	3
1,2,4,7,9,10,11,13,15,16 	1
1,2,4,5,6,8,14,16 	1
1,2,3,7,8,10,14,15 	3
1,2,4,5,7,10,14,15 	428
1,6,13 	109
1,6,10 	139
1,6,11 	163
1,2,4,5,7,10,14,16 	13
1,6,14 	308
1,2,4,5,14 	1
1,2,3,4,5,6,8,10,11,13,14,15,16 	4
1,2,4,5,10 	15
2,11,14,15 	5
1,2,3,4,7,9,10,11,14,15,16 	3
1,2,3,5,10,15,16 	14
1,2,3,5,7,8,10,12,13,14,15,16 	2
1,2,3,6,8,14,15,16 	1
1,2,3,5,9,10,11,14,15 	11
1,2,7,10,13,15 	2
1,2,3,7,8,10,14,15,16 	11
1,2,3,4,5,7,9,10,11,12,14,15,16 	7
1,2,3,4,5,11,13,14,15,16 	2
1,2,5,6,10,12,14,16 	3
1,2,3,7,10,11,12,14,15 	6
1,3,4,5,6,8,14,16 	2
1,2,3,4,6,7,10,14,15 	19
1,2,3,5,13,14,16 	1
1,2,5,6,10,12,14,15,16 	46
1,2,3,5,13,14,15 	5
1,2,3,4,7,13,14,15 	3
1,2,3,4,6,7,10,14,16 	9
1,2,4,5,6,10,13,14,15 	17
1,2,3,5,6,7,9,10,12,14,15,16 	15
1,2,4,6,7,8,10,12,15,16 	7
1,2,6,8,10,11,13,15,16 	1
1,2,3,4,8,10,12,14,15,16 	201
1,2,3,6,10,13,14,15,16 	14
1,2,9,10 	13
1,2,3,4,7,11,14,15,16 	4
1,2,3,6,7,10,12,14,15,16 	19
1,3,6,14,16 	13
1,2,3,5,6,9,14 	3
1,2,9,11 	16
1,2,7,15,16 	564
1,2,3,4,5,6,7,10,14,15,16 	400
1,2,9,14 	55
1,2,3,4,6,7,9,10,11,12,14,15,16 	39
1,2,4,6,7,10 	1
1,2,4,5,6,8,9,10,11,14,15,16 	3
1,2,8,10,11,14,15,16 	3
1,2,3,4,6,7,8,10,12,14,15,16 	133
1,2,9,13,14 	1
1,2,3,4,14,15,16 	486
1,2,4,6,10,12,15,16 	1
1,2,5,6,9,11,13,14 	1
1,2,4,5,7,10,12,14,16 	1
2,4,12,15 	5
1,2,4,5,7,10,12,14,15 	13
2,4,12,16 	3
1,2,3,7,13,15,16 	3
1,2,4,6,8,9,10,11,16 	1
1,2,5,6,7,9,10,14,16 	4
1,2,4,6,8,9,10,11,14 	2
1,2,3,5,6,9,10,11,13,14,15,16 	9
1,2,3,5,12,15,16 	2
1,2,4,5,8,10,12,15,16 	4
1,2,10,11,13,15,16 	112
1,2,8,10,14,15 	208
1,2,4,8,10,12,15,16 	6
1,2,4,5,6,8,9,14 	1
1,2,3,11,13,14,15 	105
1,6,8,9,11 	2
1,6,8,9,14 	9
1,2,5,11,13,14,15 	3
1,2,3,5,8,10,11,13,14 	1
1,2,3,5,9,10,12,13,14,15,16 	4
1,2,3,4,6,8,10,12,14,15,16 	36
1,2,4,5,6,14,15,16 	1
1,2,9,10,11,14,15,16 	175
1,2,5,8,11,14 	2
1,2,6,10,11,12,13,15,16 	1
1,2,4,5,6,8,10,16 	1
1,2,7,9,10,12,14,15,16 	25
1,2,5,11,14,15 	3
1,2,3,6,9,10,11,12,14,15,16 	4
1,3,4,5,6,12,16 	2
1,2,6,7,11,13,16 	1
1,2,3,5,6,10,11,13,14 	2
2,3,4,14,15,16 	89
1,2,4,13,14 	1
1,2,4,13,15 	22
1,2,3,4,6,7,8,9,14,15,16 	1
1,2,3,4,5,8,10,15 	1
1,2,4,5,6,7,10,13,16 	2
1,2,5,6,9,11,14 	1
1,2,3,10,13,14,15,16 	301
1,2,4,7,14,15,16 	91
2,3,6,10,14,15,16 	1
1,2,3,12,13,14,15,16 	1
1,2,3,4,5,7,12,15,16 	3
1,2,4,5,8,10,14,15 	106
2,15,16 	56757
1,2,3,4,5,9,10,13,14,15,16 	4
1,5,13,14 	2
1,2,3,4,5,6,14,16 	355
1,2,4,5,10,11,15 	3
1,2,4,5,10,11,14 	85
1,2,4,5,10,11,13 	90
1,2,4,12,14,15,16 	27
2,7,14,15 	10
1,2,4,10,12,14,15,16 	1849
1,5,10,13,14 	25
1,10,15 	2
1,2,5,7,9,10,12,14,15,16 	29
1,10,14 	47175
1,10,13 	79
1,2,5,7,10,14,15 	315
1,10,11 	697
1,2,3,4,6,7,10,11,12,14,15,16 	21
1,2,5,7,10,14,16 	3
1,2,7,10,12,14,15,16 	2506
1,6,8 	113
8,11,14 	3
1,2,4,6,7,10,14,15 	5
1,2,5,6,8,9,10,11,14,15,16 	3
1,2,4,6,7,10,14,16 	19
1,2,3,4,6,10,13,14,16 	12
1,10,11,14 	78
1,2,3,4,6,10,13,14,15 	4
1,10,11,13 	53
1,2,4,5,6,7,10,11,13,14,15,16 	1
1,2,5,6,10,11,14,15,16 	32
1,6,9 	42
2,4,7 	114
2,3,5,10,11,14,15 	1
1,2,3,4,6,7,10,12,13,14,15,16 	2
1,2,3,6,8,10,11,12,13,14,15,16 	1
1,2,3,4,6,9,10,12,14,15,16 	13
1,2,4,7,9,10,12,13,14,15,16 	2
1,2,4,5,7,14,15,16 	4
1,2,4,5,7,8,10,12,14,15,16 	41
1,2,3,6,10,11,13,14 	1
1,2,3,6,10,11,13,15 	1
1,2,3,4,5,7,9,10,14,15,16 	125
1,2,3,4,7,10,12,15 	4
1,2,4,5,6,10,16 	3
1,2,4,5,6,10,14 	6
1,2,3,4,10,11,13,14 	3
1,2,3,4,12,13,14,16 	5
1,2,3,6,9,10,11,13,14,15,16 	14
1,2,4,5,6,10,13 	1
1,2,3,4,10,11,13,15 	1
1,2,3,4,5,6,10,12,13,14,16 	1
2,8,10,14 	3
2,3,4,11,15,16 	8
1,2,3,4,5,6,8,10,11,14,15 	1
1,2,3,8 	6
1,2,3,7 	2
1,2,3,4,5,7,9,10,11,12,14,15 	1
1,2,3,6 	34
1,2,3,4,8,10,13,14,16 	1
1,2,3,4,8,10,13,14,15 	1
1,2,5,10,12,14 	2
1,2,5,6,13,16 	3
1,2,3,4,5,10,14,16 	153
1,2,3,8,14,15,16 	23
1,2,3,4,5,10,14,15 	648
1,2,3,4,5,6,7,8,9,12,14,15,16 	1
1,2,3,5 	5
1,2,3,4,5,6,7,8,9,10,11,14,15,16 	1
1,2,4,5,11,13,15,16 	1
1,2,3,4 	3
1,2,5,6,13,14 	64
1,2,10,13,15,16 	170
1,2,4,8,10 	4
1,2,3,4,12,15,16 	565
1,2,4,7,8,14,15 	3
1,2,3,4,5,7,8,9,10,14,15,16 	62
1,2,5,8,10,11,13 	5
1,2,4,8,14 	1
1,2,3,5,6,8,10,11,13,14,15,16 	8
1,2,3,4,6,7,8,9,10,11,13,14,15,16 	1
1,2,5,8,10,11,14 	30
1,2,4,5,6,7,10,11,13,14,16 	1
1,2,4,5,6,7,10,11,13,14,15 	1
1,2,5,7,10,11,13,14,15,16 	3
1,2,4,5,13,14,15 	1
1,5,9,10,14,15,16 	1
1,2,4,8,10,14,15 	106
1,2,3,10,12,14,15,16 	5328
1,2,4,8,10,14,16 	2
1,2,3,5,6,9,10,12,14,15,16 	30
1,2,6,7,9,10,11 	1
1,2,10,12,13,14,15,16 	298
1,2,3,13,14,15,16 	40
2,10,12,14,15,16 	1
1,2,6,7,9,10,16 	1
1,2,6,7,9,10,14 	2
1,2,6,7,9,10,13 	1
1,2,5,13,14,15,16 	6
1,4,9,11,12 	1
2,4,11,15,16 	4
1,2,3,4,6,7,11,12,14,15,16 	1
1,3,15,16 	1
1,2,4,5,6,7,10,12,13,15,16 	1
1,2,3,4,5,6,8,9,10,11,12,14,15 	1
1,2,3,4,5,6,7,9,12,14,15,16 	1
1,2,4,7,8,10,12,15,16 	39
1,6,9,11,12,14 	1
1,2,4,5,7,8,10,14,15 	18
1,2,3,5,6,10,13,14,15,16 	33
1,2,3,4,5,6,7,8,10,14,15,16 	198
1,2,3,5,6,8,10,12,14,15,16 	11
1,5,6,9,11,14 	1
1,2,3,5,10,11,14,15 	1411
1,2,3,7,13,14,15,16 	1
1,2,5,6,8,10,14,15 	4
1,2,4,9,10,11,16 	6
1,2,4,9,10,11,13 	20
1,2,4,9,10,11,14 	9
1,2,3,4,5,8,10,11,13,14,15 	1
1,2,4,6,10,13,14 	1
2,4,12,14,15,16 	9
1,2,6,13,16 	7
1,2,6,13,15 	1
1,2,6,13,14 	96
1,2,4,6,10,13,15 	1
2,3,4,14,15 	39
2,3,4,14,16 	66
1,9,10 	9
1,9,11 	246
2,7,14 	1
2,7,15 	4508
2,7,16 	200
1,2,4,5,6,10,12,14,15,16 	17
1,2,3,4,8,14,15 	27
1,2,5,6,9,10,13,14,15,16 	27
1,2,5,7,10,11,12,15,16 	1
1,9,13 	73
1,2,8,11,14 	1
1,9,14 	226
1,2,3,4,10,11,13,14,15 	1298
1,2,4,6,7,9,10,11,14,15,16 	3
1,2,3,4,8,14,16 	92
1,2,4,5,7,10,12,14,15,16 	1723
1,5,6,10,13,14 	1
1,2,3,5,7,12,14,15,16 	5
1,2,8,10,11,12,14,15,16 	1
1,4,6,16 	1
1,3,4,6,10,14,16 	3
1,2,4,6,10,12,14,15,16 	7
1,2,5,8,10,15,16 	8
1,2,3,5,8,10,12,14,15,16 	98
1,2,3,5,7,10,11,12,14,15,16 	10
1,2,7,14,15,16 	140
1,2,3,10,13,14 	184
1,2,3,10,13,15 	27
1,2,3,4,10,11,12,14,15 	1
1,2,5,6,9,10,11,16 	3
1,3,4,6,8,16 	1
1,2,3,4,7,10,13,15,16 	2
1,2,3,6,10,12,14,15,16 	28
1,2,4,5,7,9,10,11,13 	2
14,15,16 	8
1,2,5,6,9,10,11,13 	25
1,2,5,6,9,10,11,14 	29
1,2,4,6,7,10,14,15,16 	25
1,2,3,4,6,7,10,13,14,15,16 	4
1,2,13,14,15,16 	68
1,2,5,7,10,13,15,16 	1
1,2,3,4,5,6,7,10,12,13,14,15,16 	12
1,2,3,6,13,14,15 	1
1,2,6,7,8,9,10,11,12,14,15,16 	2
1,2,3,7,10,11,12,14,15,16 	36
1,3,6,8,14 	8
1,2,3,6,13,14,16 	5
1,2,3,4,7,9,10,11,12,14,15,16 	14
1,2,4,8,10,14,15,16 	258
1,9,11,13 	264
1,2,3,4,7,14,16 	3
1,2,3,4,6,7,10,11,14,15 	3
1,2,3,4,7,14,15 	81
1,9,11,14 	14
1,2,5,8,9,10,14,15,16 	1
1,2,3,11,15 	84
1,2,5,10,11,13,14,15,16 	668
2,3,10,14,15,16 	1
1,2,4,6,7,10,13,15,16 	1
1,2,3,4,6,10,13,14,15,16 	7
1,2,13,15,16 	70
1,2,3,4,5,7,13,14,15,16 	1
1,2,3,5,8,9,10,11,14,15 	1
1,2,7,8,10,15 	1
2,4,14,15,16 	24
1,2,4,7,8,9,10,12,13,14,15,16 	1
1,6,11,13 	183
1,2,3,5,6,9,10,11,14,15 	6
1,2,9 	12
1,2,8 	254
2,3,7,12,14,15,16 	5
1,2,7 	47
1,2,3,7,10,12,14,15,16 	4740
1,2,6 	825
1,2,5 	9662
1,2,5,10 	7062
1,2,7,11,14 	1
1,2,3,4,5,10,11,12,13,14,15,16 	2
1,2,4,6,7,10,12,13,14,15,16 	1
1,2,3,4,6,8,12,13,14,16 	1
1,2,4,9,10,11,13,15,16 	2
1,2,3,7,15 	219
1,2,5,13 	471
1,3,4,8,14,16 	2
1,2,5,14 	14209
1,2,5,11 	442
1,2,5,10,12,13,15,16 	10
1,2,4,5,6,10,12,13,15,16 	1
1,2,5,7,15,16 	1
1,2,5,6,10,12,14 	1
1,9,11,12 	10
1,2,5,15 	7
12,15,16 	617183
1,2,5,16 	1
1,2,5,10,12,15,16 	66
1,2,5,6,8,9,10,11,16 	3
1,2,6,9,10,13,14,15,16 	14
1,2,4,6,8,10,13,14,15 	1
1,2,5,6,8,9,10,11,12 	1
1,2,3,5,8,9,12,14,15,16 	1
1,2,3,4,10,14,15,16 	14152
1,2,5,6,8,9,10,11,14 	8
1,2,3,4,5,8,10,13,14,15,16 	3
1,2,5,6,8,9,10,11,13 	6
1,11,13,14 	1
1,2,9,10,13,14,15 	6
1,2,4,5,9,10,11,16 	1
1,2,3,5,6,10,11,13,14,15 	153
1,2,4,5,9,10,11,13 	11
1,2,4,5,14,15 	12
1,2,3,4,5,6,12,14,16 	51
1,2,4,6,8,10,12,13,14,15,16 	1
1,2,4,5,6,10,13,15 	2
1,2,4,5,6,10,13,14 	1
1,2,3,4,5,6,8,10,11,12,13,14,15,16 	1
1,2,3,5,6,10,14,15,16 	152
1,2,3,4,6,8,13,14,16 	3
1,2,5,6,9,10,14,15,16 	38
1,2,3,6,8,9,10,11,13,14,15 	2
1,2,3,8,10,12,14,15 	1
2,4,7,15,16 	13076
1,2,3,4,10,12,15,16 	498
1,2,4,10,11,13,14,15,16 	207
1,2,3,4,7,10,13,14,15,16 	100
1,3,11,14,15 	2
1,2,3,4,8,10,12,13,14,15,16 	1
1,2,3,6,7,8,9,10,12,14,15,16 	4
1,2,4,5,6,16 	3
1,2,4,5,6,14 	2
2,3,7,14,15 	18
1,2,3,5,7,8,10,14,15 	3
1,2,3,8,10,13,14,15 	1
1,2,3,4,7,8,10,12,14,15,16 	540
1,2,13,14 	10974
1,2,4,5,10,11,13,14,15,16 	67
1,2,13,15 	110
1,2,13,16 	11
1,2,3,6,7,9,10,14,15,16 	3
1,2,5,7,13,14,15,16 	1
1,2,3,4,6,7,10,11,13,14,15 	3
1,2,4,5,6,9,10,12,14,15,16 	4
11,12 	3
11,14 	152237
1,2,5,13,14,15 	9
11,13 	20091
1,2,3,4,13,15 	3
1,2,3,4,13,16 	1
1,2,4,5,6,7,8,9,10,14,16 	1
1,2,3,4,5,6,10,14 	3
1,2,9,10,11,14 	230
1,2,9,10,11,15 	1
1,2,3,4,7,9,11,14,15,16 	1
1,2,3,6,10,11,12,14,15,16 	4
1,2,9,10,11,13 	39
1,2,4,7,14,15 	65
1,2,3,5,6,7,9,10,11,13,14,15,16 	3
1,2,6,9,11 	2
1,2,4,7,14,16 	16
1,2,9,10,11,16 	19
1,2,6,9,10 	2
1,2,4 	68
11,16 	34
1,2,3 	353
1,2,5,7,10,11,14,15,16 	7
11,15 	1
1,2,4,5,6,9,10,13,14,15 	1
1,2,3,5,7,10,11,14,15 	13
1,3,4,5,9,10,13,14 	1
1,2,4,5,6,9,10,13,14,16 	1
1,3,4,14,16 	37
1,2,3,7,10,13,15 	1
1,2,4,5,6,10,14,16 	21
1,2,3,4,5,7,8,10,13,14,15,16 	7
1,2,4,5,6,10,14,15 	35
1,2,3,5,6,7,10,14,15,16 	20
1,2,5,6,13 	7
1,2,5,6,14 	1256
1,2,6,9,10,11,14,15,16 	11
1,2,5,6,16 	1
1,2,5,6,10 	144
2,4,7,12,14,15,16 	13
1,2,5,6,11 	32
1,2,4,5,7,10,13,14,15,16 	30
1,3,5,6,8,12,14,16 	1
1,2,3,4,5,7,9,10,11,13,14,15 	1
1,2,3,5,6,8,9,10,12,14,15,16 	1
2,4,7,16 	155
1,2,4,6,7,10,11,14,15 	1
2,4,7,15 	7744
1,2,8,10,14,15,16 	570
1,2,4,10,14,15,16 	6686
1,2,3,4,5,6,10,12,14,15,16 	47
1,2,4,5,6,8,9,10,11,13,14,15,16 	3
1,2,5,6,10,11,15,16 	3
1,2,5,6,9,10,12,14,15,16 	21
1,2,7,10,14,15,16 	4968
1,2,4,5,6,9,10,14,15 	2
1,2,3,5,6,10,12,14,15,16 	42
1,2,4,5,6,7,10,11,14,15,16 	1
1,2,3,13,15 	92
1,2,3,4,10,13,15 	1
1,2,5,6,7,9,10,11,12,14,16 	1
1,2,6,9,10,11,12 	1
1,2,4,5,8,10,11,13,14,16 	1
1,2,6,9,10,11,13 	11
1,2,6,9,10,11,14 	24
10,11,14 	43672
1,2,5,7,10,12,13,15,16 	1
1,2,6,9,10,11,16 	16
10,11,13 	1
1,2,4,5,12,15,16 	1
1,2,4,5,6,9,10,11,13,16 	5
1,2,4,5,6,9,10,11,13,14 	15
1,2,7,10,12,15 	3
1,2,3,5,11,13,14,15,16 	6
1,2,7,9,10,11,13,16 	2
1,2,4,6,10,11,13,14,15,16 	8
1,2,6,8,10,11,13,14 	9
2,3,4,7,14,15 	15
1,2,4,5,6,8,10,15,16 	2
1,3,5,8,10,14 	1
1,2,3,5,10,11,13,15,16 	9
1,2,4,6,7,8,9,10,11,12,14,15 	1
1,2,3,4,5,7,9,10,11,13,14,15,16 	2
1,3,5,6,8,14,16 	2
1,6,9,11,13 	129
1,6,9,11,14 	4
1,4,5,6,8,14,16 	1
1,2,3,6,7,9,10,11,12,14,15 	1
9,10 	3
9,11 	47888
9,14 	3372
1,2,6,7,10,11,13,16 	1
1,14,15,16 	1
1,2,3,8,10,12,14,15,16 	104
1,2,3,4,5,6,7,8,10,12,14,16 	2
1,2,6,10,13,15 	7
1,2,6,7,10,11,13,14 	1
1,2,6,10,13,14 	342
1,2,3,11,13,15 	12
1,2,3,4,5,6,8,16 	1
1,2,3,4,5,6,7,9,10,12,14,16 	1
1,2,4,6,13,16 	1
1,2,3,4,5,6,8,14 	1
1,2,3,4,6,8,9,10,14,16 	4
1,6,8,9,10,14 	1
1,2,3,5,6,8,10,11,14,15 	3
1,2,5,7,10,13,14,15 	25
1,4,8,16 	1
1,2,6,7,8,9,10,11,12,14 	1
1,3,6,10,16 	1
1,2,3,8,9,14,16 	3
1,2,3,4,6,7,14,15 	3
1,2,3,4,5,10,11,13,14,15,16 	660
1,3,4,10,12,14,16 	1
1,2,3,6,7,14,15,16 	2
1,3,6,10,14 	8
1,2,10,11,14,15,16 	7422
2,12,15,16 	2362
2,3,12,15 	24
1,2,4,5,7,10,13,15,16 	5
1,3,4,7,12,16 	2
1,2,4,5,6,9,10,11,14,15,16 	4
1,2,3,7,14,15,16 	327
1,2,3,4,11,15 	5
1,2,5,10,16 	16
1,2,3,4,8,9,10,14,16 	1
1,2,10,14,16 	259
1,2,10,14,15 	20727
1,2,5,10,15 	89
1,2,5,10,14 	214248
1,2,5,10,13 	671
1,2,4,6,7,9,10,11,16 	1
1,2,3,6,8,10,14,15 	7
1,2,5,10,11 	866
1,2,3,6,8,10,14,16 	5
2,3,14 	70
2,3,15 	121437
8,10,11,14 	1
2,3,11,14,15 	1
2,3,10 	1
2,3,11 	2
1,2,8,9,10,11,13,14 	1
1,2,3,4,6,14,15,16 	14
1,2,12,15,16 	1138
1,2,4,7,10,12,15 	5
2,3,16 	298
1,2,8,9,10,11,13,16 	1
1,2,5,9,10,14,15 	19
1,2,5,6,8,9,10,12,13,14,15,16 	1
1,2,3,10,11,12,14,15,16 	59
1,2,3,4,5,8,10,12,14,15,16 	227
1,2,3,5,6,8,9,10,11,13,14,15 	2
1,6,7,9,11,12,14 	1
1,2,3,5,7,9,10,14,15,16 	46
1,2,3,7,14,15 	58
1,2,4,5,9,11,13,14 	1
1,2,3,4,5,8,10,13,14,15 	1
2,3,4,12,14,15,16 	24
1,2,7,10,11,12,14,15 	1
1,2,6,7,9,10,11,13,14,15,16 	1
1,2,3,4,5,6,10,13,14,15 	1
1,2,3,4,5,6,10,13,14,16 	4
1,2,4,7,8,10,14,15,16 	104
1,2,5,6,7,8,9,10,11,13,14,15,16 	1
1,2,6,14,16 	8
1,2,3,13,14,15 	133
1,2,4,7,10,11,15,16 	13
1,2,6,14,15 	2
1,2,3,7,11,14,15,16 	3
1,2,3,6,10,15 	1
1,2,3,6,10,14 	233
1,2,3,13,14,16 	16
2,3,4,7,15 	4570
1,2,3,4,6,7,14,15,16 	7
1,2,3,9,10,13,14,15 	2
1,3,4,10,14,16 	43
1,2,3,4,7,9,10,11,13,14,15,16 	3
1,2,5,6,9,10,11,13,16 	4
1,2,3,5,10,13,14,15 	467
1,2,7,10,11,12,14,15,16 	2
1,2,5,6,9,10,11,13,14 	31
1,2,6,7,8,9,10,11,13,14,15,16 	1
1,2,3,5,10,13,14,16 	7
1,2,8,10,11,14,15 	2
1,2,5,14,15 	32
1,2,3,10,11,12,14,15 	4
1,2,3,4,6,10,12,14,16 	47
1,2,4,5,10,13,14,15 	105
1,2,4,5,10,13,14,16 	5
1,2,3,5,6,10,11,12,14,15,16 	1
1,2,5,8,14,15,16 	7
1,2,3,4,5,6,8,9,10,12,14,15,16 	2
1,2,3,4,6,10,12,14,15 	1
1,2,7,9,10,13,14,15,16 	1
1,2,3,4,8,10,12,14,15 	1
1,2,3,4,8,10,12,14,16 	3
1,2,3,4,6,8,9,10,13,14,15,16 	1
1,2,6,7,8,10 	1
1,2,3,5,10,11,15,16 	4
1,2,3,4,7,13,14,15,16 	31
1,3,8,14 	1
1,2,4,5,7,10,14 	11
1,2,4,5,7,10,13 	2
3,4 	298
1,2,4,6,8,9,11,13 	1
1,2,4,5,7,10,16 	25
1,2,4,5,7,10,15 	8
1,3,8,10 	2
3,9 	1
1,2,3,4,6,10,14 	6
1,2,3,5,10,14,16 	87
1,2,3,5,10,14,15 	4914
1,2,6,7,10,13,14,15,16 	1
1,2,3,4,6,10,16 	1
2,11,14,15,16 	1
1,2,4,5,6,7,9,10,11,13,14,15,16 	5
1,2,3,5,10,11,12,13,14,15,16 	4
1,2,3,5,6,8,10,14,15 	5
1,2,4,6,10,11,13,15 	1
1,2,9,11,14,15 	1
1,2,4,6,10,11,13,16 	1
1,2,6,8,11,13 	1
1,2,5,6,14,15,16 	3
1,2,6,7,10,11,13,15,16 	1
1,2,10,11,13,15 	171
1,8,9 	3
1,2,10,11,13,16 	10
1,2,10,12,13,15,16 	26
1,2,4,6,10,11,13,14 	35
1,2,10,11,13,14 	54091
1,2,3,9,11,13,14,15,16 	1
1,2,3,4,11,13,15,16 	1
1,2,4,7,8,10,11,12,15,16 	1
1,2,3,6,7,9,10,11,12,14,15,16 	8
1,2,4,6,9,10,11,12,13,14 	1
1,2,6,8,11,14 	1
1,2,6,8,10,11,13,14,16 	1
1,2,3,5,6,8,10,14,16 	5
1,2,3,5,13,14,15,16 	2
1,2,6,9,10,13,14,15 	2
1,2,3,5,6,13,14 	15
1,2,3,5,8,10,13,14,15 	2
1,2,4,5,6,7,8,9,10,12,13,14,15,16 	1
1,2,4,5,6,7,9,10,11,13,16 	1
4,14,15,16 	1
1,2,3,4,5,6,9,10,11,13,14,15,16 	35
1,2,3,4,5,10,14,15,16 	4215
1,2,4,6,16 	5
1,2,3,5,8,10,11,13,14,15 	2
1,2,4,6,14 	3
1,5,10,11,13 	1
1,2,4,6,10 	4
1,2,3,4,6,9,10,11,13,14,15,16 	21
1,2,3,4,8,10,14,15,16 	1292
1,5,10,11,14 	10
1,2,5,6,9,10,12,13,14,15,16 	8
1,2,3,4,5,10,11,13,14,15 	228
1,2,3,4,7,15 	239
1,3,5,6,9,14,16 	1
1,2,4,6,7,8,9,10,11,14,15,16 	1
1,2,3,4,5,6,8,10,13,14,16 	1
1,2,3,5,14,15,16 	45
1,2,3,5,8,9,10,14,15,16 	5
1,2,3,4,5,6,9,10,12,13,14,15,16 	4
1,2,3,4,5,6,8,10,13,14,15 	1
1,3,8,9,14 	3
1,2,3,4,5,6,9,10,13,14,15 	1
1,2,4,8,10,15 	6
1,2,4,8,10,16 	4
1,2,3,5,7,10,13,14,15,16 	15
1,2,3,4,7,13,15,16 	3
1,2,4,8,10,14 	3
1,2,3,4,9,10,11,13,14,15,16 	14
1,2,8,10,11,13 	2
1,2,3,4,7,8,9,10,12,13,14,15,16 	1
1,2,3,4,9,14,15,16 	1
1,2,8,10,11,14 	29
1,2,3,7,10,11,14,15,16 	73
1,2,8,10,11,15 	1
1,2,6,13,14,16 	7
1,2,3,4,10,11,13,14,15,16 	1376
1,2,7,9,10,13,14,15 	1
1,2,3,6,10,11,13,14,15,16 	137
1,2,3,4,7,10,14,15 	2644
1,2,3,4,5,6,10,12,14,16 	55
1,2,5,7,10,12,14,15,16 	1040
1,2,3,4,7,10,14,16 	40
1,2,4,5,6,7,8,10,12,14,15,16 	6
1,3,4,16 	45
1,2,4,7,10,16 	152
1,2,3,7,8,14,15 	1
1,2,4,5,6,7,9,10,11,14 	2
1,2,6,7,10,11,16 	2
1,2,3,4,5,6,12,13,14,16 	7
1,2,3,4,5,6,7,10,11,13,14,15,16 	14
1,2,3,4,6,10,11,13,15,16 	3
1,2,4,5,7,14,15 	2
1,2,3,4,6,11,13,14,15,16 	3
1,2,4,7,8,10,13,14,15,16 	1
1,2,4,7,10,14 	45
1,3,4,14 	1
1,2,4,7,10,15 	324
1,2,3,9,10,11,14,15,16 	104
1,2,4,7,10,13 	3
1,3,4,10 	1
1,2,4,7,10,11 	1
1,2,3,4,7,8,10,13,14,15,16 	4
1,2,3,6,8,10,11,14,15,16 	2
1,2,3,8,10,14,16 	16
1,2,3,8,10,14,15 	306
1,2,3,4,5,10,11,14,15,16 	130
1,2,5,10,11,12,14,15,16 	15
2,10,14,15 	1
1,2,3,4,5,10,13,14,15 	21
1,2,5,6,10,12,15,16 	1
1,2,4,7,8,10,12,13,14,15,16 	1
1,2,4,7,10,11,12,14,15,16 	7
1,2,3,4,5,10,13,14,16 	1
1,2,3,5,7,10,11,13,14,15,16 	8
1,5,6,8,14 	17
1,2,6,7,9,10,11,14,15,16 	1
1,5,6,8,10 	4
1,2,4,6,7,8,9,10,14,15,16 	1
1,3,5,6,11,14 	1
1,2,3,4,5,6,10,11,13,14,15,16 	145
1,2,3,6,10,12,14,16 	4
1,2,3,6,10,12,14,15 	1
1,12,16 	6
4,9,11 	2
1,2,3,5,11,14,15 	8
1,2,4,5,6,7,10,12,15,16 	15
1,2,3,4,5,6,7,9,10,13,14,15,16 	1
1,2,3,5,6,7,10,15,16 	1
1,5,11 	376
1,2,4,5,7,10,13,14 	1
1,2,4,5,7,10,13,15 	1
1,5,10 	3632
1,2,4,7,9,10,14,15,16 	16
1,2,3,4,11,14,15,16 	17
1,5,13 	9
1,2,8,10,11,13,14,15,16 	1
1,5,14 	6371
1,2,3,4,7,12,15,16 	1622
1,2,6,9,11,13 	4
1,2,6,9,11,14 	3
1,2,3,4,5,8,10,12,13,14,15,16 	3
1,2,3,4,5,7,8,14,15 	2
2,16 	501
2,15 	79804
2,14 	54161
1,2,3,4,9,10,11,14,15 	3
2,11 	1116984
2,10 	312
1,2,4,6,7,10,12,14,15,16 	17
1,2,5,6,8,10,11,13,14 	4
1,2,3,6,10,13,14,16 	7
1,2,5,6,7,8,9,10,11,12,16 	1
1,2,3,6,10,13,14,15 	21
1,2,5,6,8,10,11,13,16 	3
1,2,5,6,7,8,9,10,11,12,14 	1
1,2,3,4,5,10,11,14,15 	81
1,2,4,5,6,10,11,13,14,15 	3
1,2,3,6,7,9,10,11,14,15,16 	4
1,2,3,4,5,10,12,14,16 	17
1,2,3,4,5,7,15,16 	2
1,2,3,4,6,8,9,10,14,15,16 	1
1,2,3,4,5,10,12,14,15 	6
1,2,4,5,6,7,8,9,10,12,14,15,16 	38
1,2,3,4,6,12,13,14,16 	20
1,2,4,5,10,11,13,14,16 	5
1,2,4,5,10,11,13,14,15 	47
1,2,3,4,5,6,10,11,13,14 	1
1,2,3,4,9,10,12,14,15 	2
1,2,3,4,7,10,15 	236
1,2,6,7,9,10,14,16 	1
1,2,4,10,13,14,15,16 	65
1,2,3,4,7,10,14 	8
1,2,3,5,6,7,10,11,12,14,15,16 	1
1,2,7,8,10,14,15 	9
1,2,5,10,11,13,14,15 	567
1,2,5,10,11,13,14,16 	9
1,2,6,8,9,10,11,13 	1
1,2,6,8,9,10,11,12 	2
1,2,4,5,6,8,9,14,16 	2
1,3,6,10,14,16 	4
1,2,3,5,8,10,11,12,13,14,15,16 	1
1,5,6,8,9,14 	2
1,2,6,8,9,10,11,16 	1
1,2,3,5,6,8,10,11,14,15,16 	2
1,2,6,8,9,10,11,14 	4
1,2,4,5,6,7,8,10,13,14,15 	1
1,2,8,9,14,16 	1
2,3,4,11,15 	26
1,2,4,5,6,11,13 	1
1,2,4,5,8,10,15,16 	15
1,2,3,4,5,6,9,10,12,14,15,16 	20
1,2,3,8,14,15 	32
1,2,3,8,14,16 	25
2,7,15,16 	6689
1,2,3,4,7,10,11,14,15,16 	256
1,2,4,7,13,15 	2
1,2,3,7,10,12,15 	1
1,2,4,7,10,13,14,15,16 	42
1,2,4,9,10 	2
10 	916
11 	5087
12 	4248
1,2,4,10,13,14 	2
13 	95
1,2,4,10,13,15 	27
1,2,4,7,10,12,15,16 	1394
1,2,11,14,15 	77
14 	125120
1,2,4,10,13,16 	3
15 	65742
16 	10386
1,3,4,6,8 	1
1,2,3,4,5,9,10,12,13,14,15,16 	2
1,10,12,15 	1
1,2,5,6,8,9,10,11,12,14 	2
1,2,12,13,14,15,16 	6
1,3,4,6,8,9,14,16 	2
1,2,4,5,7,9,10,14,15 	2
1,2,3,4,6,7,8,9,10,12,14,15,16 	111
1,2,7,8,10,12,14,15,16 	14
1,2,3,7,10,14 	15
1,2,3,5,10,11,14,15,16 	737
1,2,4,9,10,14,15 	3
1,2,3,7,10,15 	188
1,2,6,10,14 	4965
1,2,5,6,7,10,14,16 	4
1,2,4,8,12,15,16 	1
1,2,6,10,13 	48
1,2,6,10,16 	2
1,2,7,10,13,15,16 	4
1,2,6,10,15 	9
1,2,5,10,11,16 	3
1,2,4,11,13,14,15 	1
1,2,6,10,11 	60
1,2,3,4,5,6,14,15,16 	2
1,2,3,4,6,10,11,14,15,16 	96
1,2,3,4,5,8,10,14,15,16 	1295
1,2,3,5,9,10,11,13,14,15,16 	8
1,2,3,4,10,11,14,15,16 	1089
1,2,3,4,6,9,10,11,14,15,16 	31
1,6,8,11,14 	1
2,3,10,11,14,15 	1
1,2,5,6,7,10,14,15 	7
1,2,4,5,6,7,10,13,15,16 	1
1,2,5,10,11,13 	1699
1,2,5,10,11,14 	23866
1,2,5,10,11,15 	34
1,2,4,9,11 	1
1,2,3,6,7,10,11,12,14,15,16 	2
1,2,4,5,13,15,16 	1
1,2,3,8,10,14,15,16 	482
1,2,3,4,7,9,10,11,12,14,15 	1
1,2,5,7,8,9,10,12,14,15,16 	1
1,2,5,12,14,15,16 	15
1,2,10,11,16 	21
1,2,10,11,15 	287
1,2,6,7,9,10,11,12,16 	1
1,2,5,6,10,15,16 	12
1,2,3,5,7,8,10,11,12,14,15,16 	1
1,2,3,5,9,10,13,14,15,16 	9
1,2,4,10,13,15,16 	41
1,2,10,11,14 	242074
1,2,10,11,13 	2946
1,2,9,14,16 	1
1,2,5,6,7,9,10,11,13,16 	5
1,2,5,6,9,14,15,16 	1
1,2,5,6,7,9,10,11,13,14 	2
1,2,4,7,10,11,13,14,15 	122
1,2,4,9,10,13,14,15,16 	1
5,6,14 	302
2,4,11,15 	10
1,2,4,5,9,10,14,15 	2
2,4,11,16 	4
1,2,3,5,6,7,9,10,11,14,15,16 	3
1,8,11 	1
1,8,10 	93
1,2,3,5,7,9,10,14,15 	1
1,2,3,5,6,7,10,12,14 	2
1,3,4,5,6,8,9,14,16 	1
1,2,5,6,8,9,10 	2
1,8,14 	220
1,2,5,7,8,10,12,13,14,15,16 	2
1,2,5,6,8,9,14 	3
1,2,3,6,10,13,14 	27
1,2,3,5,7,10,14,15,16 	3408
1,2,3,5,10,14,15,16 	7526
1,2,13,14,16 	1
1,2,13,14,15 	77
1,2,4,6,9,10,12,14,15,16 	3
1,2,3,4,15 	360
1,2,3,4,5,6,8,10,12,14,15,16 	47
1,2,3,4,16 	70
1,2,8,10,13,14,15 	1
2,10,11,14 	15
1,2,3,4,14 	28
3,4,14,16 	3
3,4,14,15 	1
1,2,4,5,7,8,10,11,12,14,15,16 	1
1,2,3,5,8,10,11,13,14,15,16 	10
1,2,6,8,9,10,11,13,14,15,16 	1
1,2,4,6,10,13,14,15,16 	5
1,2,11,14,15,16 	108
2,5,10,11,14 	2
1,2,7,14,16 	4
1,2,4,6,7,9,11,14,15,16 	1
1,2,3,4,6,8,10,11,13,14,15,16 	4
1,2,3,10,14,16 	523
1,2,3,10,14,15 	28008
1,2,7,14,15 	47
1,2,3,6,10,11,14,15,16 	232
1,2,4,6,8,10 	1
4,12,15 	746
1,2,3,4,5,6,8,9,14,16 	6
1,2,4,8,10,15,16 	22
1,2,4,6,8,16 	4
1,2,5,6,7,9,11,16 	1
1,2,5,8,9,10,11 	1
1,2,4,14,16 	107
4,12,16 	6270
1,2,3,4,6,8,10,12,14,16 	4
1,2,4,14,15 	156
1,2,3,4,5,6,7,10,12,14,15,16 	646
1,2,5,8,9,10,14 	3
1,2,4,5,10,13,14,15,16 	52
1,2,4,5,6,8,13,14,16 	1
1,2,5,6,13,14,15,16 	2
1,2,3,5,10,12,15,16 	3
1,2,4,5,7,10,12,15,16 	222
1,2,4,5,10,12,14,15 	4
2,3,4,11,14,15 	1
1,2,4,6,12,13,14,16 	1
1,2,3,10,15 	2835
1,2,4,5,6,7,9,10,12,14,15,16 	22
1,2,3,10,14 	3392
1,2,9,10,14,16 	1
1,2,3,10,13 	1
1,2,3,6,8,9,10,12,13,14,15,16 	1
1,2,9,10,14,15 	19
1,2,3,10,16 	12
1,2,3,4,6,8,14,15 	1
1,2,3,4,6,8,14,16 	150
1,2,9,10,11,13,14,15,16 	2
1,2,3,6,9,14 	10
1,2,6,7,9,10,14,15,16 	1
1,2,7,13,14,15,16 	1
1,5,6,10 	85
1,2,5,7,10,12,14,15 	3
1,2,3,5,8,10,11,14,15 	10
2,4,7,14,15,16 	26
1,5,6,11 	19
1,2,3,5,10,15 	17
1,5,6,14 	193
1,2,6,11,13,15,16 	3
1,2,3,5,10,14 	689
1,2,3,5,7,10,15,16 	2
1,2,4,5,6,8,10,13,14,16 	1
1,2,3,6,9,10,14,15,16 	17
1,2,3,5,6,7,8,9,10,11,13,14,15,16 	2
2,3,7,11,15 	2
1,2,3,12,14,16 	7
1,2,3,4,5,8,10,12,15,16 	1
1,2,3,12,14,15 	3
1,3,4,5,6,12,14,16 	1
1,2,4,9,10,11,13,15 	1
1,2,4,9,10,11,13,14 	6
1,2,3,11,14,15,16 	83
1,2,6,10,13,14,15,16 	16
1,2,4,5,7,8,10,16 	1
1,2,4,6,7,8,9,10,11,12,14,15,16 	5
1,2,4,8,14,15,16 	12
1,2,4,5,7,8,10,15 	4
7,9,11,12 	8
2,4,15,16 	8986
1,2,5,7,9,10,14,15,16 	24
1,2,5,6,7,10 	2
1,2,7,10,11,13,14,15 	18
1,2,3,4,7,8,10,14,15 	63
1,2,4,6,9,10,11,14 	2
1,2,6,11,14,15,16 	3
1,2,4,6,9,10,11,16 	20
1,2,3,4,6,8,10,11,13,15,16 	1
1,2,5,8,10,12,14,15,16 	151
1,2,4,6,9,10,11,13 	12
2,4,7,14,15 	18
1,2,4,9,10,11,13,16 	5
1,2,3,9,10,11,14,15 	27
1,2,4,6,9,10,11,12,14,15,16 	1
1,2,3,6,7,10,12,14,16 	3
2,3,12,14,15,16 	5
1,2,4,5,9,10,11,13,14 	6
1,2,3,8,10 	3
1,2,3,8,16 	1
1,2,3,8,14 	51
1,2,4,10,11,15,16 	45
1,2,3,4,5,6,7,8,9,10,11,12,13,14,15,16 	2
1,2,4,10,11 	54
1,2,4,10,14 	240
1,2,4,10,13 	36
2,3,4,7 	3
1,2,4,10,16 	72
1,2,4,10,15 	676
6,14 	389
6,13 	22
1,2,3,6,14,15 	13
12,15 	25831
1,2,5,13,15,16 	3
1,2,3,6,14,16 	156
1,2,3,4,5,8,9,10,14,15,16 	11
1,2,3,5,6,8,10,13,14,15 	1
1,2,5,9,10,12,14,15,16 	81
6,11 	92
1,5,6,8,9,10,11,14 	2
1,2,3,6,8,11,14,15,16 	1
1,2,4,5,7,8,14,15,16 	1
1,2,11,13,15,16 	1
12,16 	133320
1,2,6,9,14,15,16 	1
1,2,6,8,9,10,13,14,15,16 	1
1,2,3,5,7,14,15,16 	5
1,3,4,5,9,10,14,16 	1
1,2,3,4,6,7,11,13,14,15,16 	1
1,2,4,7,10,11,12,14,15 	1
2,4,7,12,15,16 	1871
1,2,4,6,8,9,10,12,14,15,16 	1
1,2,3,5,7,10,12,15,16 	1
1,2,4,5,6,8,9,10,14,15,16 	1
1,2,4,6,9,10,11 	12
1,2,3,4,6,7,9,10,11,14,15,16 	13
1,2,3,4,6,7,10,14,15,16 	280
1,3,4,5,6,8,10,14 	1
2,7,11,15 	2
1,2,4,5,9,10,13,14,15,16 	1
1,2,4,5,7,10 	15
1,2,5,8,10,11,13,15 	1
1,2,5,8,10,11,13,14 	13
1,2,4,5,7,15 	1
1,2,3,4,6,7,10,11,14,15,16 	20
1,2,3,5,14,16 	5
1,2,3,5,14,15 	56
1,2,4,5,8,14,15,16 	2
1,2,3,4,6,7,8,9,10,11,12,14,15,16 	5
1,2,3,9,10,14 	4
1,2,5,6,8,9,10,12,14,15,16 	1
2,3,7,15,16 	23340
1,2,4,6,13,14,16 	1
1,2,4,5,7,10,14,15,16 	1765
1,2,4,7,10,14,15,16 	6107
1,2,6,8 	30
1,2,6,7 	1
1,2,3,7,10,12,13,14,15 	1
2,4,7,11,15,16 	2
1,2,3,7,9,10,11,12,14,15,16 	3
1,2,3,4,6,8,9,10,11,12,14,15,16 	2
1,2,4,5,6,8,9,10,11 	1
1,2,5,14,15,16 	116
1,2,8,9,10,14 	1
1,2,3,5,6,10,11,12,13,14,15,16 	1
1,2,4,6,10,14,15 	29
1,6,10,13,14 	1
2,3,4,15,16 	20153
1,2,4,6,10,14,16 	24
1,2,3,4,14,15 	244
1,2,3,4,14,16 	1181
1,2,9,10,11,13,14,15 	1
1,2,4,5,12,14,15,16 	3
1,2,5,6,7,10,12,14,15,16 	6
1,2,3,4,6,7,10,11,15,16 	1
1,2,3,4,6,10,11,13,14,15,16 	115
1,2,3,4,11,13,14,15,16 	14
1,5,6,9,10,11,13,14,15,16 	1
1,2,3,5,8,14 	5
1,2,6,8,10 	11
1,2,8,10,13 	1
1,2,8,10,14 	5489
1,2,8,10,11 	4
1,2,3,4,10,11,13,15,16 	1
1,2,3,4,6,7,10,11,13,14,15,16 	19
1,2,5,10,13,14,16 	11
1,2,5,10,13,14,15 	466
1,2,4,5,14,15,16 	7
1,2,8,10,15 	11
1,2,8,10,16 	2
1,2,3,6,7,10,11,14,15 	2
1,2,4,5,7,8,10,15,16 	12
1,2,8,10,13,14,15,16 	4
1,2,3,4,5,8,9,10,14 	1
1,2,6,8,9,10,11,13,14,15 	1
1,2,3,5,8,9,10,12,14,15,16 	1
1,2,3,4,5,6,8,9,10,11,13,14,15,16 	9
1,2,3,9,10,11,13,14,15,16 	9
1,2,3,4,6,7,8,12,14,15,16 	3
1,2,6,8,14 	131
1,2,3,4,6,7,8,10,12,14,16 	1
1,2,6,8,13 	1
1,5,6,9,10,11 	1
1,2,5,12,15,16 	5
1,5,6,9,10,14 	5
1,2,5,9,10,11,16 	1
1,2,5,9,10,11,13 	37
1,2,5,9,10,11,14 	22
1,2,5,7,9,10,13,15,16 	1
1,2,3,8,10,11,13,14,15,16 	4
1,2,4,5,7,10,11,12,13,15,16 	1
2,9,11,14 	1
1,2,4,6,7,10,16 	2
2,3,15,16 	57904
1,2,4,6,11,13,15,16 	1
1,2,5,6,8,10,13,15 	1
1,2,3,4,7,10,11,13,14,15,16 	245
1,2,12,15 	4
1,2,12,14 	1
1,2,4,7,13,14,15,16 	24
1,2,7,10,13,14,15,16 	23
1,3,9 	1
1,3,8 	7
1,3,6 	45
1,2,3,4,6,7,8,10,14,15 	4
1,3,5 	6
1,3,4,8,16 	1
1,3,4 	2
1,5,6,8,10,14 	5
1,2,4,5,6,7,8,9,10,14,15,16 	1
1,3,4,5,6,10,14,16 	7
1,2,3,8,9,10,12,14,15,16 	2
1,2,5,10,11,14,16 	10
1,2,5,10,11,14,15 	441
1,3,12,16 	3
1,2,4,5,8,10,12,14,15 	1
1,2,4,5,7,10,11,12,14,15,16 	5
1,2,5,6,7,9,10,11,13,14,16 	3
1,2,5,10,15,16 	251
1,2,8,10,15,16 	16
1,2,4,13,14,15,16 	3
1,6,9,10,11,13,14 	2
1,2,4,6,7,8,9,10,11,12,14 	2
1,2,3,4,6,7,10,12,15,16 	1
1,2,4,5,8,10,13,14,15,16 	1
1,2,6,11 	20
1,2,6,10 	255
1,2,6,15 	2
1,2,6,14 	3067
1,2,3,5,8,10,14,15 	250
1,2,6,13 	12
1,2,3,5,8,10,14,16 	5
1,2,9,10,14 	575
1,2,5,6,10,11,13 	72
1,2,5,11,15,16 	1
1,2,9,10,16 	2
1,2,6,16 	6
1,2,3,6,8,9,10,14,15,16 	1
1,2,5,10,12,14,15 	3
1,2,5,6,10,11,16 	2
1,2,3,4,9,10,11,14,15,16 	28
1,2,4,5,7,8,12,15,16 	1
1,2,5,6,10,11,14 	393
1,2,5,6,10,11,15 	6
1,2,4,8,10,13,14,15 	1
1,2,3,4,6,7,8,10,11,14,15,16 	1
1,2,9,10,11 	166
1,2,7,8,14,15,16 	1
2,10,14 	516
1,2,3,4,6,8,12,14,16 	22
1,2,3,11,14,15 	396
2,10,11 	1
1,2,7,9,10,14,15,16 	16
1,2,4,6,8,12,14,16 	1
1,2,4,5,6,7,8,9,10,11,12,14,15,16 	11
1,2,9,10,13,14,15,16 	21
1,2,4,5,7,10,12,15 	1
1,3,10,14 	103
1,3,10,15 	2
1,2,3,7,10,11,13,14,15 	9
1,3,10,16 	5
1,2,3,4,5,6,8,10,13,14 	1
1,3,4,10,11,13,15,16 	1
1,2,3,11,12,14,15 	1
1,2,4,6,14,16 	19
1,2,3,4,7,12,14,15 	1
1,2,4,6,14,15 	2
1,2,4,6,8,9,10,11 	1
1,2,3,7,15,16 	1248
1,2,3,4,12,14,15,16 	101
1,2,7,10,16 	91
1,2,3,6,12,14,15,16 	1
1,2,3,4,6,9,10,14,16 	4
1,2,4,5,6,7,10,16 	2
1,2,4,5,6,7,10,15 	1
2,3,4,16 	508
1,2,7,10,11 	24
1,2,7,10,11,16 	9
1,2,6,7,9,10,11,12,14,15,16 	1
1,2,7,10,11,15 	1
1,2,7,10,11,14 	5
1,2,7,10,15 	246
1,2,7,10,11,13 	9
1,2,3,4,5,8,10,11,14,15,16 	1
1,2,7,10,14 	253
1,2,7,10,13 	3
1,2,5,6,10,11,14,15 	9
9,10,11,14 	582
1,2,7,13,14,15 	1
2,3,4,14 	1
2,3,4,15 	5607
1,2,3,5,6,7,8,10,14,15,16 	2
1,2,3,8,12,14,15,16 	2
1,2,3,4,10,13,15,16 	3
1,2,3,4,6,9,10,14,15 	1
1,2,5,6,13,14,16 	1
1,9,10,11,14 	3
1,2,5,6,8,9,10,11,13,14,15 	2
1,2,5,6,8,9,10,11,13,14,16 	4
1,2,10,12,14,16 	1
1,6,9,10,11,14 	2
1,2,10,12,14,15 	22
1,2,3,4,5,9,14,15,16 	1
1,2,3,4,12,16 	3
1,2,4,8,9,10,11,13,16 	1
1,2,4,5,6,9,10,13,14 	3
1,2,3,4,7,10,11,12,14,15,16 	146
1,2,6,8,10,13,15 	1
1,2,4,5,7 	1
1,2,5,6,7,10,13,14,15,16 	1
3,11,12,15,16 	1
1,2,10,11,12,15,16 	3
2,3,4,7,10,14,15,16 	1
1,3,4,5,6,8,14 	1
1,2,3,5,6,7,10,11,14,15,16 	3
1,2,6,8,10,13,14 	1
1,2,6,15,16 	1
1,2,4,10,11,13,14 	268
1,2,4,7,9,10,11,13,16 	1
1,2,4,10,11,13,16 	5
1,2,4,5,10,11,14,15,16 	25
1,2,4,10,11,13,15 	18
1,2,6,10,11,13,14 	353
1,2,6,10,11,13,16 	2
1,2,3,4,5,7,8,14,15,16 	4
1,2,6,10,11,13,15 	4
1,2,3,4,6,8,9,10,12,14,15,16 	4
1,2,4,5,6,7,10,14,15,16 	61
1,2,5,6,7,8,9,10,11,13,14 	1
1,2,4,5,6,9,10,14,15,16 	3
1,2,8,10,11,13,14 	7
3,8,14 	10
1,2,3,4,7,12,13,15,16 	2
1,2,3,7,11,12,14,15,16 	3
1,2,5,13,14 	1342
1,2,5,13,15 	5
1,15,16 	1
1,2,6,7,8,10,14,15 	1
1,2,5,6,8,9,10,11,12,14,15,16 	2
2,3,4,7,15,16 	48212
1,2,3,4,10,13,14,15,16 	68
1,2,3,4,6,10,12,13,14,15,16 	4
1,2,3,5,7,14,15 	2
1,2,5,7,10,13,14,15,16 	14
1,2,3,4,12,13,14,15,16 	1
1,2,3,4,10,12,15 	3
1,2,4,10,12,15,16 	430
1,2,4,6,9,10,11,14,15,16 	7
1,2,3,8,10,14 	51
1,2,3,8,10,15 	1
1,2,4,6,7,10,13,14,15 	1
1,2,8,9,10,11,15 	1
1,2,15,16 	6825
1,2,6,10,12,15,16 	1
1,2,3,5,7,10,11,12,13,14,15,16 	1
1,2,8,9,10,11,13 	2
1,2,4,5,7,9,10,14,15,16 	9
1,2,3,5,10,13,15 	1
1,2,3,5,10,13,14 	35
1,2,3,6,8,12,14,15,16 	1
1,2,3,4,5,7,10,12,14,15,16 	12760
1,2,3,4,8,9,10,14,15,16 	3
1,2,3,4,9,10,13,14,15,16 	1
1,2,4,5,7,10,11,13,14,15 	3
1,2,3,4,6,8,14 	4
1,2,6,8,10,11 	1
1,2,5,6,8,10,14,15,16 	14
1,2,6,8,10,14 	104
1,2,6,8,10,13 	1
1,2,3,5,6,8,14,16 	16
1,2,6,8,10,16 	2
1,3,4,12,16 	25
1,2,3,4,5,6,8,9,12,14,16 	2
1,2,3,4,7,11,13,14,15,16 	1
1,2,3,7,12,15,16 	400
1,2,12,14,15 	1
1,2,6,7,9,10,11,14 	2
1,2,3,10 	155
1,2,6,7,9,10,11,13 	1
1,2,6,7,9,10,11,16 	2
1,2,3,11 	1
1,2,3,14 	1936
1,2,5,9,10,13,14 	107
1,2,3,13 	1
1,2,3,16 	19
1,2,3,15 	3372
1,2,6,10,14,16 	13
1,2,6,10,14,15 	46
1,2,4,5,10,12,13,14,15,16 	17
1,2,3,10,11,12,13,14,15,16 	8
1,2,3,4,8,10,11,12,13,14,15,16 	1
1,2,3,5,6,10,13,14 	16
1,2,5,6,11,13,14 	3
1,2,4,5,6,10,15,16 	4
9,11,13 	12
1,2,4,5,6,7,10,12,14,15,16 	39
9,11,12 	38
9,11,14 	2477
1,2,3,8,10,13,14,15,16 	5
1,2,4,7,10,11,13,14,15,16 	28
1,2,3,9,10,12,14,15,16 	47
1,2,4,5,7,10,12,13,15,16 	1
1,2,3,4,5,10,13,14,15,16 	31
1,2,3,5,7,9,10,13,14,15,16 	3
1,2,3,4,7,9,10,13,14,15,16 	1
1,2,5,9,10,13,16 	1
1,2,4,5,7,10,13,14,15 	34
3,9,11,14 	538
1,2,3,6,11,13,14,15,16 	3
1,2,3,4,8,10,14,16 	74
1,2,3,4,6,10,11,12,14,16 	2
1,2,3,4,13,15,16 	4
1,2,3,4,8,10,14,15 	209
1,2,4,7,8,10,14,16 	2
1,2,3,6,10,11,14,15 	124
1,2,4,7,8,10,14,15 	29
1,2,7,11,13,16 	1
1,2,3,4,7,9,10,14,15,16 	88
1,2,3,4,6,9,10,11,13,14,15 	7
1,2,5,9,10 	11
1,2,5,11,14,15,16 	4
1,2,5,9,11 	1
1,2,4,5,6,7,10,12,14,15 	1
1,2,3,4,6,8,9,12,14,16 	2
1,2,10,11,12,14,15,16 	23
1,2,3,5,7,10,14,15 	357
1,2,9,11,14,15,16 	2
1,4,11 	2
1,2,4,5,6,8,9,10,11,12,14 	2
4,11,14 	1
1,2,3,5,10,12,14,15,16 	2216
1,2,3,4,6,16 	9
1,4,16 	1
1,2,3,6,7,15 	1
4,11,15 	2
4,11,16 	1
1,2,3,4,5,7,9,10,11,14,15 	2
1,2,3,5,9,11,14,15 	1
1,2,4,6,8,10,12,14,15,16 	1
1,2,4,6,8,11,12,14,16 	1
2,3,12,15,16 	2359
1,2,7,9,11 	1
1,2,7,9,10 	1
1,2,3,10,11,15,16 	24
1,2,4,5,7,10,11,13,15 	1
2,3,11,15 	5185
1,2,3,4,6,7,9,10,13,14,15,16 	1
1,2,7,10,11,15,16 	1
1,2,5,9,14 	26
1,2,3,4,5,6,14 	6
1,2,4,5,6,8,9,10,11,12,14,15,16 	4
1,2,10,13,15 	251
1,2,10,13,16 	8
1,2,3,4,5,6,10,11,13,15,16 	1
1,2,3,4,5,6,16 	3
1,2,10,13,14 	142791
1,2,3,4,5,6,10,13,14,15,16 	6
1,2,4,5,6,7,10,15,16 	7
1,2,3,4,5,7,14,15 	3
1,2,3,5,6,7,9,10,11,12,14,15,16 	3
1,2,3,5,6,12,14,15,16 	1
1,2,3,4,7,8,14,15,16 	22
1,2,3,4,5,6,10,11,14,15 	14
1,2,4,6,10,11,12,15,16 	1
1,2,5,6,9,10,11,14,15,16 	3
1,2,4,7,10,12,13,15,16 	13
1,2,5,9,10,14,15,16 	285
1,2,4,9,10,14,15,16 	9
1,2,4,5,6,8,9,10,11,13,14,16 	1
1,4,5,10,14,16 	1
1,2,4,7,8,14,15,16 	1
1,2,4,6,10,11,13,14,15 	3
1,2,5,10,11,13,15,16 	144
1,2,4,5,6,7,14,16 	4
1,2,6,9,10,14,16 	2
1,2,3,4,6,7,8,9,10,14,15,16 	24
1,2,6,9,10,14,15 	4
1,2,5,10,13,14,15,16 	822
1,2,5,6,10,13,15,16 	10
1,2,3,4,6,12,14,15,16 	3
1,2,4,6,8,14,15,16 	1
1,2,3,13,15,16 	16
1,2,6,7,9,10,11,13,14,16 	1
1,2,3,4,6,9,10,14,15,16 	3
3,12,15 	1170
3,12,16 	52
1,2,5,6,12,14,15,16 	1
1,2,3,4,7,14,15,16 	642
1,2,5,6,7,10,11,14 	1
1,2,5,6,7,10,11,13 	1
1,2,4,7,8,10 	4
1,2,3,5,6,8,10,11,13,14,15 	11
1,2,4,5,10,14,15,16 	2461
1,2,3,4,5,8,9,10,12,14,15,16 	4
1,2,3,4,5,10,11,13,14 	2
1,2,3,4,5,10,11,13,15 	1
1,2,7,10,11,13,14,15,16 	3
1,2,3,4,7,8,9,10,12,14,15,16 	76
1,2,3,4,5,10,12,15,16 	4
1,2,4,6,8,14,16 	8
1,2,4,5,7,8,9,10,14,15,16 	1
1,3,4,5,6,9,14,16 	1
1,2,4,5,6,7,9,10,11,12,16 	1
1,2,3,5,6,10,11,13,14,15,16 	180
1,2,5,6,8,9,10,11,12,13,14,15,16 	1
1,2,4,5,6,10,11,13,14,15,16 	8
1,2,4,6,10,11 	4
1,2,3,7,10,12,13,14,15,16 	23
1,2,4,7,13,14,15 	5
1,2,4,6,10,13,15,16 	5
1,2,4,6,10,13 	3
1,2,4,6,10,14 	18
1,3,5,10 	4
1,2,4,6,10,15 	1
1,2,4,6,10,16 	4
1,2,3,4,5,6,9,10,11,13,14,15 	11
1,2,3,5,8,10,12,13,14,15,16 	5
1,2,4,8,10,12,14,15,16 	26
1,2,6,9,10,14,15,16 	40
1,2,3,4,8,9,10,12,14,15,16 	4
1,3,4,5,8,16 	1
1,3,5,6,9,14 	4
1,2,4,6,10,11,14,16 	2
1,2,5,7,10,15 	3
1,2,5,7,10,16 	15
1,2,9,11,15,16 	1
1,5,6,8,10,11,14 	1
1,2,3,4,5,7,8,10,14,15,16 	1511
1,2,4,6,10,11,14,15 	2
1,2,3,5,7,11,13,14,15 	1
1,2,3,4,5,6,9,10,11,14,15 	1
1,5,6,11,14 	1
1,2,5,7,10,13 	1
1,2,5,6,8,10,11,13,14,15,16 	2
1,2,5,7,10,14 	36
1,5,6,11,12 	1
1,2,3,5,11,13,14,15 	36
1,2,5,7,10,11 	2
1,2,5,7,10,12 	1
3,4,11,16 	1
1,2,3,6,8,14,15 	1
1,2,3,6,8,14,16 	36
1,2,7,8,9,10,13,16 	1
1,2,4,5,8,10,12,13,14,15,16 	2
1,2,4,5,10,13,14 	2
1,2,4,5,10,13,15 	6
1,2,4,5,10,13,16 	1
1,2,5,7,10,12,15 	1
1,2,3,7,12,13,15,16 	3
1,2,5,7,10,12,13,14,15,16 	8
3,4,11,15 	88
1,4,6,10,14 	1
1,2,4,7,9,10,11,13 	1
1,2,4,7,10,15,16 	1248
1,2,9,10,12,13,14,15,16 	6
1,2,3,11,12,14,15,16 	1
1,2,4,5,9,10,12,14,15,16 	9
1,2,4,5,6,10,11,12,15,16 	1
1,2,4,5,6,10,11,15,16 	1
1,2,3,4,5,10,11,13,15,16 	5
1,2,3,5,8,10,13,14,15,16 	4
2,3,4,5,8,10,14,15,16 	1
1,2,3,4,5,7,9,10,14,15 	1
1,2,4,5,6,9,10,11,13,14,16 	3
1,2,3,7,8,10,12,14,15,16 	27
1,2,3,5,6,8,9,10,14,16 	1
1,6,8,13 	1
1,2,4,5,6,9,10,11,13,14,15 	4
1,6,8,10 	5
1,2,3,4,7,10,12,13,14,15 	1
1,2,3,5,10,11,13,14,15,16 	2117
1,2,3,4,5,6,7,8,12,14,15,16 	2
1,2,4,6,9,10,14,15 	2
3,4,16 	13080
3,4,15 	72525
1,2,6,10,11,14,15,16 	86
1,6,8,14 	16
1,2,3,4,5,6,8,10,14,15,16 	134
1,4,8 	1
1,2,3,4,5,6,8,14,15 	2
1,2,3,5,6,14,15,16 	4
1,2,3,4,5,7,8,10,14,15 	55
1,2,3,6,7,10,14,15,16 	23
1,2,3,4,5,6,8,14,16 	88
1,2,4,10,11,13,14,15 	293
1,2,3,10,15,16 	3216
1,2,4,13,15,16 	17
1,3,6,8,9,14,16 	1
1,2,7,9,10,11,16 	3
2,3,5,7,10,14,15 	1
1,2,3,5,7,10,14 	4
1,2,6,14,15,16 	6
1,2,4,10,11,13,14,16 	15
1,2,11,15 	16
1,2,3,4,6,11,14,15,16 	1
1,2,11,14 	10731
1,2,4,7,9,10,11,14,15,16 	1
1,2,4,7,8,12,15,16 	1
1,2,11,13 	681
1,3,10,13,14,15 	1
1,2,4,7,8,9,10,12,14,15,16 	3
1,2,4,7,12,13,14,15,16 	1
1,2,4,7,10,11,13,15,16 	4
1,2,3,7,8,9,10,12,14,15,16 	2
1,2,4,5,10,12,15,16 	20
1,3,5,10,14 	7
1,2,6,8,14,16 	4
1,2,5,6,7,9,10,14,15,16 	1
1,2,6,11,13,15 	1
3,16 	11094
1,2,6,11,13,14 	15
1,2,6,8,14,15 	1
1,2,4,5,6,10,12,14,16 	2
2,12,14,15,16 	7
3,15 	5038711
1,2,4,7,12,13,15,16 	3
3,14 	85669
1,2,7,9,10,11,13 	4
3,12 	563
1,2,3,4,5,6,9,12,14,16 	2
3,11 	2560
3,10 	5
1,2,5,6,9,10,11,12,14,15 	1
1,2,5,6,7,10,13,14,15 	2
1,2,3,4,6,10,13,14 	1
1,2,3,4,5,7,10,14,15,16 	11860
1,2,11,13,14,15,16 	81
1,3,4,9,10,14,16 	1
1,2,3,4,6,9,14,15,16 	1
1,2,4,6,7,9,10,14,15,16 	2
1,2,3,5,14 	78
1,2,3,5,15 	6
1,2,4,6,7,9,10,11,12,14,15,16 	5
1,2,9,12,14,15,16 	1
1,2,4,10,12,15 	3
4,12,15,16 	124686
1,2,3,5,6,10,11,12,14,15 	1
3,4,15,16 	185897
1,2,6,7,8,9,10,11 	1
1,2,3,5,8,10,15,16 	1
1,2,6,11,13,14,15 	1
1,2,3,5,11,15 	1
1,2,3,5,10 	8
2,3,4,7,14,15,16 	237
2,5,8,10,12,14,15,16 	1
4,12,14,15,16 	1
1,2,6,10,12,14,15,16 	50
1,2,3,6,9,10,11,14,15,16 	30
6,11,13 	150
1,3,4,8,9,14,16 	2
1,2,3,5,6,8,9,10,14 	1
1,2,3,4,5,9,10,11,13,14,15,16 	10
1,2,7,9,10,16 	2
1,2,4,10,12,16 	1
1,2,3,6,8,10,12,14,15,16 	3
1,2,7,9,10,11 	3
1,2,3,4,5,6,8,14,15,16 	1
1,2,4,5,6,7,10,13,14,15,16 	3
1,2,5,8,10,11,14,15,16 	7
1,2,7,10,11,14,15,16 	13
1,2,3,12,14,15,16 	172
1,2,3,9,10,14,15,16 	70
2,9,11 	20
1,4,6,9,10 	1
1,2,4,5,7,10,11,12,15,16 	2
1,3,4,6,14,16 	40
1,2,3,10,13,15,16 	16
1,2,5,10,13,15,16 	62
2,11,15,16 	63
1,2,4,5,6,11,13,14 	1
1,2,8,9,11,13,14,15 	1
1,2,3,4,6,14,16 	671
1,2,3,4,6,14,15 	3
1,2,5,7,10,12,15,16 	28
1,2,4,5,6,7,8,10,16 	1
1,2,3,4,5,7,10,11,12,14,15 	3
2,3,4,7,12,15,16 	10590
2,7,12,15,16 	845
1,2,4,9,10,13 	1
1,2,3,4,5,6,7,9,10,12,13,14,15,16 	10
1,2,4,9,10,11 	20
2,3,7,12,15 	7
1,2,3,7,10,14,15,16 	13050
1,2,3,5,9,10,14,15,16 	97
1,2,3,4,5,6,10,12,13,14,15,16 	5
1,2,6,7,10,12,14,16 	1
1,2,3,4,7,8,9,10,14,15,16 	24
1,2,4,10,13,14,15 	144
1,2,3,5,10,11,12,14,15,16 	19
1,2,3,6,8,10,11,13,14,15,16 	5
1,2,6,10,11,13,14,15,16 	47
1,2,3,4,10,11,12,14,15,16 	34
1,2,3,6,8,9,10,11,14,15 	1
1,2,7,10,15,16 	841
1,2,3,5,7,8,9,10,12,14,15,16 	3
1,2,3,5,6,7,10,11,13,14,15,16 	2
1,2,6,10,13,14,15 	6
1,2,3,5,10,12,14,15 	11
1,2,6,10,13,14,16 	3
1,2,3,5,10,12,14,16 	1
1,3,4,5,6,8,12,14,16 	2
1,5,9,10,11,14 	1
1,2,3,4,6,7,9,10,11,12,13,14,15,16 	1
2,3,6,10,11,14,15,16 	1
1,2,4,6,7,10,12,15,16 	16
1,2,3,4,5,7,10,12,13,14,15,16 	41
1,2,3,6,9,10,12,14,15,16 	19
1,2,3,4,6,7,9,12,14,15,16 	7
1,2,9,10,13,16 	1
1,2,9,10,13,15 	1
1,2,9,10,13,14 	80
1,2,4,7,12,15 	3
1,2,3,6,12,14,15 	1
1,2,3,7,10,11,15 	1
1,2,4,7,10,12,14,15 	37
1,2,3,4,6,10,11,14,15 	23
1,2,3,4,8,10,11,14,15 	1
1,2,3,4,5,6,7,10,11,12,13,14,15,16 	2
1,2,3,4,6,7,8,10,13,14,15,16 	1
1,2,11,15,16 	16
1,2,3,10,11,13,14,15 	10097
1,2,3,4,5,8,10,11,13,14,15,16 	1
2,14,15,16 	130
1,2,3,4,5,6,7,8,9,10,12,13,14,15,16 	5
1,2,7,13,15 	1
1,2,3,4,6,7,9,10,12,14,15,16 	117
1,2,3,4,6,7,9,10,11,13,14,15,16 	5
1,2,6,9,10,11,13,14,15 	6
1,2,6,9,10,11,13,14,16 	3
1,2,10,11,15,16 	254
1,2,4,7,9,10,11,12,14,15,16 	1
1,2,5,6,10,14,16 	11
1,2,5,6,10,14,15 	43
1,2,4,5,8,10,16 	1
1,2,4,5,8,10,15 	2
1,2,4,5,8,10,14 	1
1,2,3,4,5,6,8,10,12,13,14,15,16 	1
1,2,5,6,7,12,14,15,16 	1
1,2,3,4,5,6,9,10,14,15 	1
1,2,5,6,7,8,9,10,11,16 	1
1,2,3,4,5,6,9,10,14,16 	2
1,2,3,7,10,12,15,16 	523
1,3,8,10,14 	2
1,2,5,6,7,8,9,10,11,14 	1
1,2,3,4,5,7,8,9,10,12,14,15,16 	138
1,2,5,6,7,8,9,10,11,13 	3
1,2,5,8,9,11 	1
1,2,5,9,10,11,14,15,16 	5
1,2,5,8,9,10 	2
1,2,6,9,10,12,13,14,15,16 	4
1,2,4,6,10,11,13 	9
1,2,3,7,9,10,14,15,16 	28
1,2,4,6,10,11,14 	24
2,3,4,12,16 	26
1,2,3,4,7,8,9,10,11,12,14,15,16 	1
1,2,4,6,10,11,15 	4
1,2,3,4,6,14 	11
2,3,4,12,15 	11
1,6,8,10,14 	2
1,2,4,7,9,10,14,15 	3
1,6,8,10,11 	1
1,2,4,6,8,9,10,13,14 	1
1,2,5,6,7,10,15,16 	2
1,2,3,6,10,14,15 	157
1,2,5,7,13,14,15 	1
1,2,3,6,10,14,16 	69
1,2,7,12,15,16 	285
1,2,4,6,14,15,16 	1
1,2,3,8,10,11,14,15 	10
1,2,3,5,6,9,10,11,12,14,15,16 	4
2,3,4,12,15,16 	2318
1,2,3,4,7,10,11,12,14,15 	4
2,7,12,15 	5
1,2,4,5,9,10,11,14,15,16 	1
1,2,4,5,10,11,13,15 	18
1,2,4,5,10,11,13,14 	141
1,2,4,5,10,11,13,16 	8
1,2,3,4,5,6,13,14,16 	27
1,2,3,10,12,13,15,16 	4
1,2,5,6,7,9,10,11,14,15,16 	1
1,2,5,7,8,10,14,15,16 	3
1,3,4,5,6,14,16 	14
1,2,3,4,13,14,15,16 	6
1,2,3,5,9,10,12,14,15,16 	69
1,2,3,6,13,14 	15
1,2,3,4,15,16 	1280
1,2,4,6,7,8,10,15,16 	4
1,5,11,14 	14
1,2,3,5,9,10,11,12,14,15,16 	3
1,5,11,13 	2
1,2,3,4,6,7,10,11,12,13,14,15,16 	1
1,2,4,5,6,7,8,9,10,11,13,14,15,16 	4
1,2,4,9,10,11,14,15,16 	9
1,2,3,5,7,10,11,13,14,15 	3
1,2,3,5,7,10,13,14,15 	6
1,2,6,10,11,15 	4
1,2,3,4,7,10,14,15,16 	39768
1,2,5,6 	299
1,2,6,10,11,16 	1
1,2,3,4,8,12,14,16 	1
1,2,6,10,11,13 	37
1,2,6,10,11,14 	668
1,2,5,10,11,15,16 	41
1,3,13,14 	1
1,2,3,4,5,6,8,10,11,14,15,16 	1
1,2,5,8 	126
1,2,11,13,14,15 	18
1,2,9,10,11,12,14,15,16 	1
1,2,3,7,10,15,16 	1222
2,7,14,15,16 	10
1,2,3,4,5,8,10,11,14,15 	1
1,2,4,8,9,11,13 	1
1,2,5,7,10,14,15,16 	1426
1,2,3,6,7,10,12,15,16 	1
1,2,3,7,10,11,12,13,14,15,16 	1
1,2,3,4,5,7,10,13,14,15,16 	67
1,2,7,11 	1
1,2,7,10 	214
1,2,7,16 	22
1,2,7,15 	225
1,2,3,4,6,9,11,13,14,15 	1
1,2,7,14 	7
1,2,7,13 	1
1,2,6,7,16 	1
1,2,4,6,9,11 	1
1,2,14,15,16 	2114
1,2,9,11,16 	1
1,2,3,4,9,10,12,13,14,15,16 	2
2,3,7,15 	6108
1,2,3,4,7,8,12,14,15,16 	8
1,2,10,14,15,16 	59378
1,2,3,4,6,8,10,12,13,14,15,16 	2
1,2,5,12,13,14,15,16 	1
1,2,3,4,6,7,8,10,11,13,14,15,16 	2
2,3,7,11,15,16 	4
1,2,3,4,6,8,10,14,15 	6
1,2,3,4,6,8,10,14,16 	32
1,2,5,6,7,9,10,14 	1
1,2,3,10,11,13,14,15,16 	3515
1,2,4,10,12,13,15,16 	2
1,2,5,6,7,9,10,11 	3
1,3,8,14,16 	2
1,2,9,11,13 	2
1,2,5,6,8,9,10,13,14 	1
1,2,9,11,14 	4
1,2,5,8,10,11,13,14,15,16 	1
1,2,5,6,10,11,13,15,16 	22
1,2,4,5,6,9,10,11,13,14,15,16 	4
1,2,4,5,6,10,11,14 	10
1,2,3,4,7,10,11,13,14,15 	75
1,2,4,5,6,10,11,15 	2
1,3,4,12,14,16 	5
1,2,4,5,6,10,11,13 	13
2,7,12,14,15,16 	1
1,2,8,10,12,15,16 	3
1,2,5,9,10,11,13,14 	23
1,2,3,4,8,12,14,15,16 	1
1,4,8,9,11,16 	1
1,2,4,5,6,8,10,12,14,15,16 	3
1,2,4,5,6,9,10,11 	1
1,2,3,4,6,8,10,11,13,14,15 	1
1,2,4,5,8,10,14,15,16 	218
1,2,3,4,10,15,16 	1305
1,2,5,10,14,16 	43
1,2,5,10,14,15 	4648
1,2,5,9,10,11,13,16 	2
1,3,4,6,10,12,14,16 	1
1,2,6,7,9,11,14,15,16 	1
1,2,4,5,6,8,9,10,11,16 	1
1,2,4,5,6,8,9,10,11,13 	5
1,2,4,5,6,8,9,10,11,14 	5
1,2,3,5,7,10,12,14,15 	8
1,2,3,4,5,7,10,12,15,16 	10
1,2,4,6,9,10,11,13,14 	10
1,2,5,8,10,13,14,15 	4
1,2,4,6,9,10,11,13,16 	1
1,2,4,6,11,13,14 	1
1,2,5,8,10,13,14 	24
1,2,3,4,6,7,10,12,14,16 	25
1,2,3,4,5,6,7,10,11,14,15,16 	14
1,2,4,9,11,13,14,15,16 	1
1,2,5,9,10,11,13,14,15,16 	6
1,2,3,4,7,10,12,15,16 	1932
1,2,4,5,6,7,9,10,14,16 	1
2,3,7,12,15,16 	2159
1,2,3,10,11,15 	71
4,15,16 	324776
1,2,3,10,11,14 	15
1,2,3,4,7,8,14,15 	6
1,2,4,5,10,12,14,15,16 	639
1,2,4,11,13 	2
1,2,4,11,15 	2
1,2,4,11,14 	26
1,2,4,6,7,10,11,13,15,16 	1
1,2,3,4,9,14,16 	8
1,3,4,6,11,14,16 	1
1,2,3,4,5,6,7,8,10,12,13,14,15,16 	5
1,2,3,4,5,6,8,9,10,14,15,16 	4
1,3,5,14,16 	2
1,2,5,6,8,9,10,11,13,14,15,16 	2
1,2,3,4,5,9,10,14,15 	7
1,3,7,12,16 	1
1,2,3,4,5,9,10,11,13,14,15 	3
1,2,3,9,10,11,13,14 	1
1,2,3,4,6,9,10,12,13,14,15,16 	1
1,2,3,4,7,8,10,11,12,14,15,16 	1
1,2,5,6,8,9,11,14 	1
1,5,9,11 	3
1,2,3,4,5,7,10,15 	1
1,2,3,4,5,7,10,14 	1
1,5,9,10 	2
1,2,3,6,8,9,14 	1
1,2,5,8,10,11,14,15 	2
1,2,3,6,11,14,15,16 	3
1,10,13,15 	1
1,2,3,13,14 	45
1,5,9,14 	81
1,10,13,14 	68
1,4,5,6,10,14,16 	1
1,2,3,5,8,10,11,12,14,15,16 	2
1,2,4,5,6,7,8,9,10,11,13,14,16 	1
1,2,4,8,14,15 	7
1,2,4,8,14,16 	6
2,3,14,16 	30
1,2,4,5,9,10,11,13,14,15,16 	3
2,3,14,15 	432
1,2,3,7,10,12,13,15,16 	1
1,2,9,10,11,14,15 	3
1,2,4,9,10,13,16 	2
2,3,7,14,15,16 	60
1,2,3,4,5,8,12,14,15,16 	1
1,2,6,11,14 	24
1,5,6,8,9,10,11,12,14 	2
1,2,6,11,13 	3
1,3,4,9,14,16 	1
1,2,3,7,9,10,11,14,15,16 	1
1,2,5,10,12,14,15,16 	3464
2,5,10 	1
1,2,3,5,6,13,14,15,16 	2
2,4,14,16 	4
1,2,4,5,8,10,11,15,16 	1
1,2,3,4,10,11,15,16 	5
1,3,10,14,15 	3
1,3,10,14,16 	20
2,4,14,15 	45
1,2,6,7,10,15,16 	1
1,2,5,6,8,11 	1
1,2,4,5,6,7,8,9,10,11,12,14,15 	2
1,2,5,6,8,10 	9
1,2,3,5,6,7,10,12,14,15,16 	27
1,2,4,5,6,8,10,11,13,14,15,16 	2
1,2,5,6,8,16 	1
1,2,5,6,8,14 	57
1,2,3,4,5,6,8,9,10,14,16 	3
1,3,5,15,16 	1
1,3,6,8 	16
1,2,3,4,9,16 	1
1,2,5,7,9,10,11 	1
1,2,3,4,9,14 	1
1,2,4,5,7,10,11,13,15,16 	5
1,3,4,6,12,14,16 	7
1,2,4,5,6,7,8,10,12,15,16 	9
1,2,4,10,11,12,15,16 	2
1,2,3,5,6,8,10,14,15,16 	30
1,4,8,10,16 	1
1,2,3,5,6,9,10,14,15,16 	29
1,2,5,6,7,8,9,10,11,14,16 	4
1,2,4,6,10,11,14,15,16 	11
1,2,6,10,14,15,16 	170
1,3,5,6,8,9,14 	3
1,2,5,10,14,15,16 	19054
1,2,4,6,9,10,11,14,15 	1
2,7,11,15,16 	1
1,2,3,4,7,12,15 	3
11,15,16 	2
1,2,7,10,12,13,15,16 	4
1,2,4,13 	3
1,2,4,10 	192
1,2,4,11 	6
1,2,4,16 	27
1,2,3,5,7,15,16 	1
1,3,6,10 	5
1,3,6,11 	1
1,2,4,14 	50
1,2,4,15 	670
1,2,4,9,14,15,16 	1
2,4,12,15,16 	940
1,3,6,14 	35
1,3,6,16 	2
1,2,3,4,5,9,10,11,14,15,16 	3
1,2,9,10,14,15,16 	225
1,2,3,5,6,10,14,15 	106
1,2,3,4,8,10,11,12,14,15,16 	1
1,2,4,7,13,15,16 	11
1,2,3,5,6,10,14,16 	42
1,2,3,4,10,12,13,15,16 	1
1,2,3,5,9,10,11,14,15,16 	10
1,2,3,8,10,11,13,14,15 	10
1,2,6,7,8,9,10,11,12,14,16 	2
1,2,5,8,10,13,14,15,16 	4
1,3,5,6,8,10 	1
1,3,5,6,8,14 	10
1,2,4,5,7,8,10,12,15,16 	23
3,15,16 	569365
1,2,3,5,10,13,14,15,16 	157
2,4,7,12,15 	13
1,2,3,4,5,7,9,10,12,13,14,15,16 	9
1,2,5,6,9,11 	1
1,2,5,6,9,10 	3
1,2,6,9,10,11,13,14 	24
1,2,6,9,10,11,13,16 	5
1,3,4,6,8,12,14,16 	1
1,2,4,6,9,10,13,14 	1
1,2,5,9,10,11,13,14,15 	4
1,2,3,10,14,15,16 	28965
1,2,5,6,9,14 	4
1,2,3,5,8,9,10,12,13,14,15,16 	1
1,2,3,4,7,9,10,12,14,15,16 	345
1,2,3,4,5,6,7,8,9,10,14,15,16 	58
1,2,6,7,9,10,13,14,16 	1
1,2,3,7,10,13,14,15,16 	37
1,2,4,7,10,14,16 	227
1,3,5,10,11,15 	2
1,2,3,6,8 	8
1,2,4,7,10,14,15 	2461
1,2,3,4,6,7,9,14,15,16 	1
1,2,4,6,8,9,10,11,13,14,16 	1
1,2,4,5,6,7,9,10,11,14,15,16 	7
1,2,5,6,8,14,16 	2
1,2,3,7,9,10,12,14,15,16 	48
1,2,3,5,8,10,14 	26
1,2,3,4,5,6,10,14,16 	159
1,2,3,4,5,6,10,14,15 	39
1,3,11,15 	65
1,2,3,4,5,6,8,10,14,15 	6
1,2,4,5,7,9,10,12,13,14,15,16 	2
1,2,3,4,9,10,11,13,14,15 	7
1,2,3,4,5,6,8,10,14,16 	23
1,2,4,5,7,9,10,11,13,14,15,16 	1
5,6 	8744
1,8,9,14 	1
1,2,5,9,10,13,14,15 	5
1,2,3,5,6,10,12,14,15 	2
1,2,4,6,8,9,10,11,13,14,15,16 	3
1,2,3,5,6,10,12,14,16 	1
1,2,6,8,10,14,15 	8
14,15 	10958
1,2,4,5,9,10,11,14,16 	1
1,2,3,4,9,10,12,14,15,16 	26
1,2,4,5,9,10,11,14,15 	2
1,2,3,15,16 	3173
1,2,3,4,5,7,9,10,12,14,15,16 	542
1,2,3,5,8,9,10,11,14,15,16 	1
1,2,4,5,7,10,11,14,15 	2
1,2,3,8,10,12,13,14,15,16 	3
1,2,4,5,8,10,12,14,15,16 	35
1,5,6,8,9,10,11 	3
1,3,6,8,9,14 	7
1,2,5,6,10,11,13,16 	4
1,2,5,6,9,10,11,13,14,16 	9
1,2,5,6,10,11,13,15 	10
1,2,5,6,10,11,13,14 	380
1,3,6,8,9,10,14 	1
1,2,4,8,10,12,13,14,15,16 	2
1,2,7,13,15,16 	1
1,2,3,5,7,8,9,10,12,14,15 	1
1,2,5,6,9,10,11,13,14,15 	3
1,2,5,6,9,10,13,14 	12
1,2,3,7,12,14,15 	2
1,2,3,11,15,16 	12
1,2,3,6,10,11,13,14,15 	117
1,2,3,4,5,8,14,15,16 	15
1,2,5,8,10 	61
1,2,3,4,7,9,14,15,16 	1
1,2,6,10,15,16 	8
1,2,4,8,10,11,14,15,16 	1
1,3,5,10,14,15,16 	1
1,2,3,4,7,10,12,13,14,15,16 	57
1,2,3,4,5,6,7,9,10,11,12,14,15,16 	22
9,10,11 	469
9,10,14 	9
1,3,10,11,15 	8
1,2,3,9,11,14,15,16 	1
1,2,3,4,6,7,8,10,14,15,16 	81
1,2,4,6,7,8,10,14,15 	1
1,2,3,9,14 	5
1,2,4,5,10,11,15,16 	3
1,2,3,5,11,14,15,16 	1
1,2,4,10,11,14,16 	32
1,2,3,4,6,10,11,12,14,15,16 	5
1,2,3,5,15,16 	3
1,2,4,10,11,14,15 	316
1,2,6,10,11,14,16 	1
1,2,3,4,6,8,9,10,11,14,15 	1
1,2,3,4,6,9,12,14,16 	2
1,2,4,5,11,14,15,16 	1
1,2,4,6,7,8,9,10,11,13,14,15,16 	1
1,2,4,5,6,7,8,12,15,16 	1
1,2,4,14,15,16 	181
1,2,3,4,5,6,8,9,10,11,13,14,15 	2
1,2,3,7,10,13,14,15 	10
1,2,4,5,9,10,12,13,14,15,16 	1
1,2,6,10,11,14,15 	21
1,2,5,7,8,10,12,15,16 	2
1,3,4,11,15 	1
1,2,3,4,6,8,9,14,16 	10
1,3,4,5,6,8,10,14,16 	1
1,3,4,6,9,14,16 	2
2,3,4,7,11,15,16 	5
1,2,10,12,15,16 	1617
1,2,4,7,11,14,15,16 	2
1,2,3,4,6,8,9,10,11,13,14,15,16 	3
1,3,10 	58
1,2,3,5,8,14,15,16 	3
1,2,3,4,6,7,9,10,11,14,15 	2
1,2,3,4,10,11,15 	4
1,2,4,10,12,14,15 	13
1,3,14 	71
1,2,4,10,12,14,16 	2
1,3,16 	16
1,5,6,10,11,14 	1
1,3,15 	6
1,2,4,5,7,10,11,16 	1
1,2,4,7,10,13,14,15 	27
1,5,6,10,11,13 	1
1,2,4,5,7,10,11,15 	1
1,2,4,7,10,11,12,15,16 	4
1,2,6,10,12,14,16 	2
1,2,7,10,14,15 	1556
1,2,7,10,14,16 	36
1,2,6,10,11,13,15,16 	14
1,2,5,6,9,13,14,15 	1
1,2,5,6,8,10,11,14,15,16 	1
1,2,4,5,6,7,8,9,10,11,13,16 	1
1,2,4,7,10,11,13,16 	1
1,2,6,11,13,14,15,16 	3
1,2,4,7,10,11,13,14 	2
1,2,3,4,7,8,10,11,14,15,16 	1
1,5,9,10,14 	12
1,2,5,6,7,10,11,12,13,14,15,16 	1
1,2,4,6,7,8,9,10,11,12 	1
1,2,3,6,13,14,15,16 	1
1,2,5,7,10,11,13 	3
1,2,4,15,16 	793
1,2,4,5,10,11,12,15,16 	1
1,2,3,6,8,9,10,14,16 	1
1,2,3,4,5,7,10,15,16 	7
1,2,3,6,7,10,13,14,15,16 	1
1,2,3,8,9,10,11,14,15,16 	1
1,2,4,7,10,12,14,15,16 	4647
1,2,3,9,10,11,12,14,15,16 	3
1,2,3,4,9,10,14,15,16 	17
1,2,3,4,6,9,13,14,16 	1
1,2,9,10,12,14,15,16 	60
1,2,4,6,11,13 	1
1,2,4,11,14,15 	2
1,2,4,11,14,16 	2
4,9,11,12 	1
1,2,3,12,15,16 	628
1,2,3,6,9,10,13,14,15 	2
1,2,3,5,9,10,14,15 	31
1,2,4,12,14,16 	5
1,2,3,4,5,7,8,10,11,12,14,15,16 	2
1,2,5,6,9,10,11,13,14,15,16 	7
1,2,3,5,7,9,10,12,13,14,15,16 	1
1,2,5,6,10,12,13,14,15,16 	11
2,3,10,14 	2
1,2,4,7,11,14,15 	1
2,3,10,15 	1
1,2,3,5,9,10,14 	1
1,2,5,6,10,11,13,14,15,16 	56
1,2,5,8,14 	154
1,2,3,5,8,9,10,13,14,15,16 	2
1,2,3,5,9,10,13,14,15 	2
1,2,3,7,8,9,10,14,15 	1
1,2,4,5,11,13,14 	1
1,2,4,5,10,14,15 	1170
1,2,4,5,10,14,16 	21
1,2,3,6,10,12,13,14,15,16 	4
1,2,4,10,15,16 	1155
1,2,3,5,6,7,10,12,14,16 	2
1,2,5,8,10,12,13,14,15,16 	22
1,2,3,5,6,7,8,9,10,11,12,14,15,16 	1
1,2,3,4,6,7,8,14,15 	1
3,4,12,15 	650
3,4,12,16 	462
1,2,4,5,9,10,14,15,16 	14
1,2,5,7,10,11,13,16 	1
1,2,4,5,6,13,15,16 	3
1,2,5,7,10,11,13,14 	1
1,2,4,5,7,10,15,16 	79
1,2,5,10,11,14,15,16 	656
1,2,3,4,7,10,12,14,15,16 	27037
1,2,3,6,8,10 	2
1,2,9,10,15,16 	1
1,2,3,5,7,9,10,12,14,15,16 	84
1,4,10,14,16 	1
1,2 	2254201
1,3 	186
1,4 	1
1,2,3,6,8,16 	1
1,5 	60137
1,6 	22092
1,2,3,7,8,10,12,13,14,15,16 	1
1,8 	1641
1,9 	1382
1,2,4,5,6,10,14,15,16 	125
1,2,3,6,8,14 	37
1,2,4,5,6,10,11,14,15 	3
1,2,3,4,7,9,12,14,15 	1
1,2,5,6,10,13,14,15 	13
1,2,11,13,15 	8
1,2,7,8,10 	1
1,2,5,6,10,13,14,16 	1
1,2,11,13,14 	2110
1,2,3,5,6,7,10,11,14,15 	1
1,2,12,14,15,16 	211
1,2,3,4,5,10,12,13,14,15,16 	13
1,2,4,5,7,8,9,10,12,14,15,16 	9
1,2,11,13,16 	1
1,2,4,5,6,7,10,12,13,14,15,16 	1
1,3,4,10,12,16 	1
1,2,6,7,9,10,11,13,14 	4
1,2,3,4,5,7,10,11,14,15,16 	28
1,3,4,5,10,14,16 	2
1,2,6,8,9,10,11 	1
1,2,4,5,6,10,13,15,16 	7
1,2,6,7,9,10,11,13,16 	1
1,2,3,4,7,10,12,13,15,16 	1
1,2,6,8,9,10,14 	3
1,2,5,6,7,8,10,12,14,15,16 	1
1,2,5,6,7,9,10,11,14,15 	1
1,2,5,6,7,9,10,11,14,16 	3
1,2,9,14,15,16 	1
1,2,3,4,5,6,10,11,13,14,15 	64
1,2,4,7,12,15,16 	561
1,2,3,5,6,8,9,10,11,13,14,15,16 	3
1,2,3,5,8,10,14,15,16 	476
1,2,5,6,7,9,10,11,13,14,15,16 	1
1,2,3,4,10,12,14,15,16 	3457
1,2,4,5,7,10,11,14,15,16 	4
1,10,11,13,14 	4
1,2,4,5,6,7,8,10,14,15 	3
1,2,4,5,7,12,14,15,16 	1
1,2,4,6,8,9,10,11,13,14 	2
1,2,3,4,5,8,10,14,15 	135
1,2,3,4,5,8,10,14,16 	20
1,2,4,5,7,10,12,13,14,15,16 	13
1,2,8,15,16 	2
1,2,4,5,6,8,9,10,11,13,14 	5
1,2,4,5,6,8,9,10,11,13,16 	1
1,2,4,6,10,11,13,15,16 	10
1,2,3,4,5,7,8,9,12,14,15,16 	1
1,2,6,7,8,9,10,11,13,14,15 	1
1,2,6,7,8,9,10,11,13,14,16 	3
1,2,4,6,9,10,11,13,14,15,16 	5
1,2,3,4,6,9,10,13,14,15,16 	2
1,4,6,9,14,16 	1
1,2,4,6,10,12,14,16 	2
1,2,3,6,10,11,15 	1
1,2,3,6,10,11,14 	1
1,2,5,9,10,11 	21
3,11,14 	5467
1,2,3,10,11,14,15 	9670
1,2,3,4,7,9,10,14,15 	1
3,11,15 	13664
1,2,3,4,6,7,8,9,10,12,13,14,15,16 	3
1,2,4,6,10,11,15,16 	2
1,2,3,4,5,6,7,8,9,10,13,14,15,16 	1
1,2,7,10,11,14,15 	20
2,3,14,15,16 	177
1,2,5,9,10,15 	1
1,2,5,9,10,14 	497
1,2,3,4,6,7,9,11,12,14,15,16 	1
1,2,3,6,8,9,10,11,13,14,15,16 	4
1,2,5,9,10,13 	4
1,2,3,4,7,9,10,12,13,14,15,16 	10
1,2,10,12,14 	4
1,2,6,9,11,13,14 	1
1,2,10,12,15 	7
1,2,3,4,6,7,9,10,14,15,16 	23
1,2,6,13,14,15,16 	2
1,2,5,6,7,8,9,10,13,16 	1
1,2,4,7,8,10,15,16 	16
2,11,15 	70
1,4,6,8,14,16 	3
2,11,16 	3
1,2,6,9,10,11,13,14,15,16 	3
1,2,3,6,10,11,15,16 	1
2,11,14 	19
1,2,3,4,6,9,10,13,14,15 	1
1,2,3,5,6,7,10,11,13,14,15 	2
1,2,3,5,6,8,14 	31
1,2,5,7,8,10,12,14,15,16 	12
1,2,5,8,10,11 	5
1,2,3,4,6,8,9,10,12,13,14,15,16 	1
1,2,12,13,15,16 	14
1,2,5,8,10,13 	3
1,2,3,10,12,14,15 	34
1,2,5,8,10,14 	2226
1,2,3,4,6,7,10,12,14,15,16 	392
1,2,5,6,8,9,10,11,14,16 	3
1,2,5,8,10,15 	3
1,2,5,6,8,9,10,11,14,15 	2
1,2,5,8,10,16 	1
1,2,3,10,12,14,16 	7
1,2,4,5,6,7,10,13,14,15 	3
1,2,4,5,6,13,16 	1
1,2,7,10,12,14,15 	11
1,2,6,8,9,10,11,13,14 	5
1,2,5,6,11,13 	1
1,2,3,6,8,10,14,15,16 	12
1,2,5,6,11,14 	8
1,2,5,6,7,10,11,13,14,16 	2
1,2,4,6,10,13,14,15 	12
1,2,3,4,7,10,11,12,13,14,15,16 	5
1,2,6,9,10,13,14 	4
1,2,4,6,10,13,14,16 	1
1,11,12 	2
1,2,3,4,8,14,15,16 	71
1,2,3,4,5,7,10,11,12,13,14,15,16 	2
1,11,13 	11552
1,3,4,6,14 	1
1,11,14 	284
10,11 	44915
1,3,4,6,16 	6
1,2,3,4,5,6,9,10,14,15,16 	4
1,2,3,4,5,6,8,9,10,11,14,15 	1
1,2,3,4,6,9,10,11,12,14,15,16 	1
1,5,6,10,13 	2
1,2,4,5,6,10,11,14,15,16 	8
1,5,8,9,10,14 	1
1,5,6,10,11 	11
1,2,10,13,14,15 	936
10,14 	1215426
1,2,3,4,5,6,9,10,11,12,14,15,16 	3
1,2,3,4,5,11,14,15,16 	1
1,2,3,4,5,10,15,16 	5
1,5,6,10,14 	79
1,2,3,4,5,6,7,8,9,10,11,12,14,15,16 	2
3,14,15,16 	2
1,2,10,13,14,16 	10
1,6,8,9 	4
1,2,4,8,9,11,14,16 	1
1,2,3,9,14,15,16 	2
1,2,4,6,9,11,13,14 	1
1,2,10,11,13,14,15,16 	1108
1,2,3,4,5,6,10,11,12,13,14,15,16 	3
1,2,5,6,9,10,13,14,15 	1
1,2,4,9,11,14 	1
1,2,4,9,11,13 	1
1,2,3,5,6,8,10,13,14,15,16 	1
1,2,3,5,6,9,10,12,13,14,15,16 	9
1,2,3,4,5,6,8,10,11,13,14,15 	2
1,2,3,4,5,6,10,14,15,16 	187
1,2,3,5,6,9,10,13,14,15,16 	2
1,2,10,13,14,15,16 	1024
1,5,9 	1
1,2,5,7,8,9,10,13 	1
1,5,8 	259
1,5,6 	1053
1,2,4,6,7,8,10,14,15,16 	5
1,2,6,10,13,15,16 	8
1,2,3,4,9,12,14,16 	1
1,2,5,6,9,11,14,16 	1
2,5,10,11,14,15 	1
1,2,6,8,13,14 	2
1,2,3,5,6,8,10,14 	15
1,2,3,4,5,6,7,10,11,13,14,15 	3
1,2,3,5,6,7,10,14,16 	1
1,2,3,4,5,9,10,14,15,16 	28
1,2,3,5,6,7,10,14,15 	9
1,2,3,5,6,14 	248
1,2,4,5,6,7,9,10,11,12,14,15,16 	3
2,3,7 	2
1,2,3,4,5,6,7,9,10,14,15 	1
1,2,3,4,5,10,12,14,15,16 	1346
3,12,14,15,16 	3
2,3,4 	19
1,2,3,5,6,10 	4
1,2,3,6,10,15,16 	1
1,2,6,8,13,16 	1
1,2,3,4,5,6,7,10,13,14,15,16 	14
1,2,10,11,13,14,16 	20
1,2,6,8,10,11,13,14,15,16 	1
1,2,4,5,6,9,10,13,14,15,16 	2
1,2,10,11,13,14,15 	789
1,2,3,4,5,6,7,9,10,12,14,15,16 	236
1,2,4,8,9,14,16 	1
1,2,4,9,10,12,14,15,16 	2
1,6,9,10 	2
1,6,9,11 	38
1,2,3,5,6,7,10,12,13,14,15,16 	1
1,6,9,13 	7
1,6,9,14 	45
1,2,4,7,8,15,16 	1
1,2,3,11,13,14,15,16 	39
8,10,11 	1
1,2,3,10,11,13,15,16 	7
1,2,5,7,8,10,11,14,15 	1
8,10,14 	13372
3,4,14,15,16 	3
1,3,8,9,10,14 	1
2,3,4,7,12,14,15,16 	60
1,2,4,13,14,16 	1
2,3,5,10,14,15,16 	1
1,2,4,13,14,15 	6
1,2,4,6,7,9,10,11,14,15 	1
1,2,3,6,9,14,15,16 	1
1,2,4,5,7,8,10,13,15,16 	1
6,10,11,13 	1
1,2,3,6,7,9,10,12,14,15,16 	8
1,2,7,12,14,15,16 	47
1,2,5,6,7,8,9,10,11,12,14,15,16 	1
1,2,5,8,9,10,11,13 	4
1,2,6,7,9,11,16 	1
1,2,3,5,6,10,11,12,13,14,15 	1
4,11 	14
1,2,4,5,6,7,10,14,16 	11
1,3,5,11,15 	2
4,14 	42845
2,14,16 	1
4,15 	1094125
2,14,15 	198
4,16 	89069
6,9,11 	8
1,2,5,6,7,8,9,10,11,12,14,15 	1
1,2,4,6,7,10,11,13,14,15,16 	1
1,2,3,6,9,10,14 	1
2,8,14 	34
1,2,3,4,6,9,11,14,15 	1
1,2,3,4,5,6,7,8,10,12,14,15,16 	253
1,2,3,5,6,10,12,13,14,15,16 	7
1,2,4,5,6,7,8,9,10,11,14,15,16 	2
1,2,3,4,6,9,11,14,16 	1
1,2,5,9,10,12,13,14,15,16 	15
1,3,4,6,8,14,16 	5
1,2,6,7,8,9,10,11,13 	1
1,2,7,10,12,13,14,15,16 	15
1,3,14,16 	19
1,3,14,15 	3
2,8,10 	1
1,2,8,10,13,14 	21
1,2,5,7,10,15,16 	34
1,2,3,6,8,9,14,16 	10
1,2,3,5,7,10,12,13,14,15,16 	18
1,2,4,5,6,7,10,14,15 	5
1,2,4,7,10 	98
1,2,3,4,6,13,14,16 	63
1,2,4,7,14 	3
1,2,4,7,15 	276
1,2,4,7,16 	6
1,2,4,6,7,10,13,14,15,16 	3
1,2,8,14 	1154
1,2,8,16 	1
1,2,4,6,7,9,10,12,14,15,16 	17
1,2,8,10 	171
1,2,4,6,7,8,9,10,12,14,15,16 	10
1,2,8,13 	1
1,4,10,16 	8
1,2,3,4,5,7,8,9,10,12,13,14,15,16 	3
1,4,10,14 	1
1,2,8,10,12,13,14,15,16 	8
1,2,5,11,13,15 	2
1,2,5,11,13,14 	280
1,2,3,4,5,14 	1
1,2,3,7,10,12,14,15 	18
1,2,3,7,10,12,14,16 	2
2,7,10,14,15 	1
1,2,5,7,9,10,11,13,16 	2
1,2,3,6,7,9,10,11,14,15 	1
1,2,5,6,7,8,9,10,13,14,15,16 	1
1,2,3,8,9,10,14,15,16 	1
1,2,3,5,6,9,10,11,13,14,15 	18
1,2,4,6,8,12,16 	1
1,2,3,4,12,13,15,16 	1
1,2,4,10,12,13,14,15,16 	13
1,2,3,6,8,9,10,11,14,15,16 	1
1,2,3,7,13,14,15 	1
1,2,4,6,9,10,11,13,14,16 	1
1,2,3,6,7,8,10,14,15,16 	4
1,2,5,6,14,16 	11
1,2,5,7,8,9,10,11,13 	1
1,2,4,6,7,11,13,15,16 	1
1,2,4,5,6,7,9,10,11,13,14,15 	1
1,2,3,5,6,8,9,14,15,16 	1
1,2,4,5,6,7,9,10,11,13,14,16 	2
1,2,3,4,6,10,12,14,15,16 	39
1,9,10,11,14,15,16 	1
1,2,4,10,11,14 	647
1,2,4,10,11,13 	66
1,2,4,10,11,13,15,16 	33
1,2,4,6,7,9,10,11,13,14,15,16 	3
1,5,6,9,10,11,13,14,15 	1
1,2,6,7,10,14 	6
1,2,4,8 	1
1,2,3,5,6,9,14,16 	4
1,2,4,7 	11
1,2,4,6 	1
1,2,4,5 	2
1,2,3,4,5,6,7,10,11,12,14,15,16 	5
1,2,3,6,7,10,12,13,14,15,16 	1
1,2,5,6,8,10,11,14 	5
1,2,10,13 	19191
1,2,10,14 	1697044
1,2,10,11 	22778
1,2,4,10,11,16 	6
1,2,4,10,11,15 	28
1,2,3,5,8,14,15 	3
1,2,3,5,8,14,16 	3
1,2,10,15 	4144
1,2,3,5,6,10,11,14,15 	86
1,2,10,16 	167
1,2,3,4,5,6,7,9,10,14,15,16 	38
1,2,3,5,6,10,11,13,15,16 	2
1,2,3,7,11,14,15 	1
1,2,3,5,6,8,9,10,11,12,13,14,15,16 	1
1,2,4,5,8,9,10,11,13,16 	1
1,2,3,4,10,11,14,16 	2
3,11,15,16 	182
1,2,3,4,10,11,14,15 	851
1,3,5,10,14,16 	1
1,3,6,9,14 	14
1,2,7,9,10,14,15 	2
1,2,5,6,8 	14
1,2,3,4,6,8,14,15,16 	2
1,2,3,4,5,6,7,10,12,14,16 	27
1,2,3,9,10,13,14,15,16 	5
1,3,5,6,10,14,16 	2
1,3,9,14 	4
1,2,3,4,9,10,14,16 	1
1,2,5,10,13,15 	103
1,2,5,10,13,14 	41127
1,2,3,5,7,9,10,11,14,15 	2
1,2,3,5,6,10,11,14 	2
1,2,3,4,5,6,8,12,13,14,16 	1
1,2,3,5,6,10,11,15 	1
1,2,3,6,9,10,11,13,14,15 	7
1,3,4,11,15,16 	1
1,2,3,4,6,11,14,15 	1
1,3,6,11,15 	3
1,2,5,6,10,11,12,13,14,15,16 	2
1,2,3,5,6,10,13,14,15 	29
1,2,3,5,6,10,13,14,16 	2
1,3,6,11,14 	1
1,2,5,6,10,13,15 	2
1,2,5,7,14,15 	2
1,2,5,6,10,13,14 	368
1,2,3,6,8,10,14 	17
1,5,6,8 	27
1,2,3,4,6,10,14,15,16 	136
1,2,3,4,5,6,8,12,14,16 	9
1,2,9,10,11,15,16 	2
1,2,3,4,5,9,10,11,12,14,15,16 	1
1,2,6,8,10,13,14,15 	1
1,2,3,5,6,8,9,10,11,14,15,16 	1
1,2,3,6,8,10,13,14 	1
1,2,3,4,6,12,14,16 	94
1,2,4,6,10,12,15 	1
3,4,12,14,15,16 	7
1,2,3,6,7,10,14,15 	5
1,2,4,5,6,8,9,10,12,14,15,16 	3
1,2,4,6,10,12,16 	1
1,2,3,4,5,6,7,10,13,14,15 	1
1,2,5,8,10,14,15,16 	515
1,5,10,13 	11
1,2,3,5,6,8,9,10,11,14,15 	1
1,2,3,4,5,7,10,11,14,15 	9
1,5,10,14 	3547
1,2,3,4,5,12,15,16 	1
1,2,4,7,10,11,16 	1
1,5,10,11 	145
1,2,4,7,10,11,15 	8
1,2,4,6,8,10,14,15,16 	8
1,2,3,4,5,7,8,10,12,14,15,16 	943
1,2,5,7,10,11,12,14,15 	1
1,2,4,7,15,16 	768
1,2,4,6,8,10,14,15 	3
1,2,3,6,7,10,14 	1
1,4,6,14,16 	1
1,2,3,5,6,10,11,14,15,16 	126
1,2,3,4,5,7,10,11,12,14,15,16 	44
1,2,3,5,6,7,14,15 	1
1,2,3,7,10,14,15 	2018
1,2,3,4,13,14,15 	4
1,2,3,4,13,14,16 	42
1,2,6,7,10,13,15,16 	1
1,6,10,15 	1
1,2,4,6,8,10,14,16 	4
1,2,3,4,10,12,13,14,15,16 	22
1,2,5,6,10,13,14,15,16 	49
1,2,3,7,10,14,16 	1
1,2,3,4,7,8,9,10,11,13,14,15,16 	1
1,2,4,5,6,9,10,12,13,14,15,16 	2
1,2,3,4,5,7,10,12,14,15 	17
1,2,4,7,8,12,14,15,16 	1
1,2,3,4,12,14,15 	5
1,2,3,4,5,7,10,12,14,16 	3
1,2,3,4,12,14,16 	106
1,2,4,6,7,10,15,16 	4
1,6,10,14 	87
1,2,3,4,7,8,9,12,14,15,16 	1
1,6,10,11 	8
1,2,7,12,15 	1
1,2,3,4,6,10,13,15,16 	1
1,2,6,7,10,12,15,16 	2
1,3,11,15,16 	4
1,2,3,4,6,7,8,10,12,13,14,15,16 	3
1,2,7,10,11,12,13,14,15,16 	1
1,2,3,5,6,9,10,14 	2
1,2,3,4,7,12,14,15,16 	329
1,10,14,15 	1
1,2,3,10,12,13,14,15 	2
1,2,4,8,15,16 	2
1,2,5,6,8,10,15,16 	2
1,2,5,7,10,11,13,14,15 	1
1,2,5,10,12,13,14,15,16 	326
1,2,5,6,7,8,9,10,11,12,14,16 	2
1,2,14,15 	872
1,2,4,7,9,10,12,14,15,16 	47
1,2,5,6,9,10,11,14,15 	7
1,2,14,16 	53
1,2,5,6,9,10,11,14,16 	2
1,2,3,4,5,15,16 	2
1,2,3,4,5,14,15,16 	21
1,2,5,8,10,12,15,16 	1
1,2,3,4,11,14,15 	10
1,2,4,8,9,10,14,16 	1
1,2,4,5,7,8,9,10,16 	1
1,2,3,10,11,14,15,16 	4674
1,2,3,4,6,10,14,15 	48
1,2,3,4,6,10,14,16 	190
1,3,5,10,11,15,16 	1
2,3,4,7,12,15 	14
1,2,3,12,15 	1
1,2,6,10,12,14 	1
1,2,4,5,7,8,10,14,15,16 	84
1,2,5,6,7,10,15 	1
1,2,6,8,10,11,14 	6
1,2,3,4,8,15,16 	1
1,2,6,8,10,11,13 	4
1,2,5,6,7,10,14 	10
1,2,6,10,12,13,14,15,16 	2
1,2,3,4,8,9,10,13,14,15,16 	1
1,2,3,4,10,12,14,15 	29
1,2,6,7,10,14,15,16 	5
3,4,12,15,16 	81592
1,2,3,4,10,12,14,16 	77
1,2,3,5,7,10,11,14,15,16 	12
1,2,4,6,8,10,12,15,16 	1
1,2,3,5,9,10,11,14 	1
1,5,8,10 	44
1,5,8,14 	26
1,2,3,5,10,11,13,14 	4
1,2,3,5,7,8,10,14,15,16 	24
1,2,3,6,9,10,12,13,14,15,16 	1
1,2,3,5,10,11,13,15 	9
1,2,3,4,5,6,7,10,11,14,15 	1
1,2,3,4,7,10,13,14,15 	13
1,2,3,6,9,10,13,14,15,16 	1
6,8,10,11 	1
1,2,3,4,5,7,10,13,14,15 	8
1,2,10,11,12,14,15 	2
1,2,5,6,9,10,13 	5
1,2,5,6,10,11,13,14,16 	1
1,2,3,4,7,10,11,14,15 	70
1,2,5,6,10,11,13,14,15 	35
1,2,5,6,9,10,14 	173
3,9,11 	173
1,2,5,6,9,10,11 	20
3,9,14 	4
1,2,6,7,8,9,10,11,14,16 	1
1,2,3,5,10,11,12,13,14,15 	1
1,2,3,4,10,13,14,16 	40
1,2,3,6,7,8,10,12,14,15,16 	3
1,2,3,4,10,13,14,15 	38
1,2,3,4,6,7,9,10,12,13,14,15,16 	2
1,2,3,5,6,8,10,12,13,14,15,16 	5
1,2,3,4,7,15,16 	2799
1,9,10,14 	30
1,2,4,5,7,9,10,13,14,15 	1
1,2,3,4,5,8,9,10,11,14,15,16 	1
1,2,3,4,8,9,14,16 	8
1,3,6,8,9 	1
1,2,4,6,7,9,10,13,14 	1
1,2,3,4,10,14,16 	1216
1,2,6,7,10,12,14,15,16 	1
1,2,3,4,10,14,15 	3334
1,2,3,4,5,6,7,12,14,15,16 	1
3,4,11,15,16 	33
1,2,4,7,8,10,12,14,15,16 	20
1,2,4,7,10,12,13,14,15,16 	18
1,2,3,6,14,15,16 	15
1,2,3,6,16 	4
1,2,5,6,8,10,11 	1
1,2,3,4,7,8,9,10,12,14,15 	1
1,2,5,8,10,14,15 	251
1,2,3,4,5,6,8,13,14,16 	2
1,2,3,6,10 	8
1,8,10,14 	157
1,2,3,4,7,10,12,14,16 	13
1,2,3,6,14 	472
3,12,15,16 	85550
1,2,3,4,7,10,12,14,15 	61
1,2,4,5,7,9,10,12,14,15 	1
1,2,5,6,8,10,13 	1
1,2,3,9,11,12,14,15,16 	1
1,2,5,6,8,10,14 	68
1,9,10,11 	1
1,2,3,10,12,15 	6
1,2,5,6,9,10,11,12,13,14,15,16 	1
1,2,4,12,15 	1
1,2,4,12,16 	2
1,2,3,7,12,15 	2
