1,2,7,8,10,14,15,16 	8
1,2,3,4,6,8,9,10,11,12,14,15,16,18 	1
1,2,3,6,10,11,13,15,16 	1
1,2,4,7,10,13,15 	10
8,10 	1937
1,2,6,9,14 	14
8,14 	21608
1,2,3,4,9,10,11,12,14,15,16 	3
1,2,4,7,10,13,16 	1
2,3,4,14,15,16,17 	18
1,2,8,14,15 	3
1,2,8,14,16 	3
1,2,4,7,10,11,14,15,16,18 	3
1,2,9,11,13,14,15,16 	1
1,2,5,7,8,10,12,15,16,17 	1
1,2,3,4,5,14,16 	15
1,2,4,5,10,11 	7
1,2,3,4,5,14,15 	11
1,2,3,5,6,7,10,14 	8
1,2,4,5,10,13 	7
1,2,3,4,5,7,9,10,14,15,16,17 	79
1,2,4,5,10,15 	13
1,2,4,5,10,14 	39
1,2,4,5,10,16 	10
3,14,16 	2
3,14,15 	8
1,4,14,16 	1
1,2,3,5,6,8,9,14 	2
1 	38639
2 	6815
3 	8720
1,2,3,5,6,7,9,10,14,15,16 	2
4 	537
1,2,3,5,6,8 	3
1,2,3,4,6,9,14,16 	14
5 	11
6 	150
1,2,3,4,9,10,14,15,16,17 	4
7 	5836
1,2,3,5,10,11,12,13,14,15,16,18 	2
8 	75810
9 	237
1,2,4,6,7,14,16 	3
1,2,3,7,12,14,15,16 	84
1,3,5,6 	25
1,2,3,4,5,6,8,9,10,14,15,16,17 	1
1,2,3,4,6,8,9,10,11,13,14,15 	1
1,2,4,7,10,11,14,15,18 	4
1,2,4,7,10,11,14,15,16 	42
1,9,14,17 	1
1,2,3,14,16 	466
1,2,3,6,11,15 	1
1,2,4,6,8,9,10,11,13,14,16,18 	1
1,2,3,5,10,11,14 	7
15,17 	62917
15,16 	6756882
1,3,4,5,6,16 	5
1,2,6,10,11,13,15,16,18 	3
1,2,3,10,11,13,14 	6
1,2,3,14,15 	2067
1,2,3,10,11,13,15 	10
1,2,3,5,10,11,15 	8
1,2,4,6,7,10,11,14,15,16 	3
1,2,3,4,7,8,10,12,13,14,15,16 	3
1,2,7,10,11,13,14 	1
1,3,5,6,10,11,14 	3
1,2,5,7,14,15,16 	3
1,2,3,8,9,14 	2
1,2,3,6,9,10,14,15 	7
1,2,5,6,7,9,10,11,13,14,16,18 	2
1,2,7,10,11,13,18 	4
1,2,4,5,10,13,15,18 	4
1,2,4,5,10,13,15,16 	8
1,2,9,10,14,15,16,17 	3
1,2,5,6,8,9,10,11,13,16,18 	2
1,2,3,4,5,6,7,8,10,12,13,14,15,16,17 	3
1,2,3,5,6,9,10,11,14,15,18 	1
1,2,3,4,6,7,8,9,12,14,15,16 	1
1,2,3,5,6,9,10,11,14,15,16 	7
1,2,5,10,11,12,13,14,15,16 	17
1,2,6,9,14,16 	1
1,2,4,5,10,11,13,14,15,16,18 	38
1,2,4,10,11,12,14,15,16 	2
1,2,3,4,7,9,10,14,15,16,17 	33
1,2,3,7,10,11,13,14,15,16 	19
1,2,3,4,5,6,9,14,16 	11
1,2,3,9,10,12,13,14,15,16 	1
1,2,8,14,15,16 	21
1,2,4,5,9,10,11 	3
1,2,4,5,10,11,14,16 	5
1,2,4,5,10,11,14,15 	21
1,2,4,5,10,11,14,18 	16
1,2,3,4,11,13,14,15 	10
1,2,4,12,15,16 	294
1,2,4,9,10,11,14,18 	3
1,2,3,4,6,9,12,14,15,16 	2
1,2,6,7,8,9,10,11,13,14,16,18 	2
1,2,4,5,6,10,13,14,15,16 	7
1,6,9,10,11 	1
1,6,9,10,14 	6
1,2,8,9,11,13,14,15,18 	1
1,2,5,7,10,11,14,15 	2
1,2,4,5,6,10,11,15,16,18 	1
1,2,3,6,11,14,15 	2
3,15,16,17 	22251
1,2,4,5,7,10,12,13,15,16,17 	1
1,2,3,4,7,9,10,12,13,14,15,16,17 	1
1,2,4,10,11,14,15,16 	229
1,2,4,10,11,14,15,18 	30
1,2,3,4,5,7,12,14,15,16 	7
1,2,5,6,8,14,15,16 	1
1,2,4,5,9,10,11,13,14,15,16,18 	1
1,2,3,4,5,7,8,10,12,13,14,15,16 	2
1,2,9,11,13,14 	3
1,2,4,5,7,10,11,15,16 	3
1,2,5,8,10,11,13,14,18 	7
1,2,5,7,15 	1
1,2,4,5,6,12,14,16 	1
1,2,3,4,5,7,8,12,14,15,16 	2
1,2,5,7,14 	1
1,2,3,4,5,6,7,10,11,12,14,15,16,18 	2
1,2,4,6,8,10,15,16 	1
1,2,3,9,10,11,13,14,15 	5
1,2,5,7,10 	27
1,2,6,7,9,10,11,16,18 	2
1,2,6,9,10,11,14,18 	6
1,2,10,15,18 	5
1,2,10,15,17 	35
1,2,10,15,16 	9135
1,2,3,4,10,14,15,16,17 	2197
1,2,3,4,7,8,10,14,15,17 	15
1,2,3,4,7,8,10,14,15,16 	642
1,2,3,7,9,10,13,14,15,16 	1
1,2,3,7,10,11,14,15 	30
1,2,3,8,10,11,14,15,18 	1
1,2,6,7,9,10,13,18 	1
1,2,3,8,10,11,14,15,16 	1
1,2,6,7,9,10,13,16 	1
1,2,3,4,10,14,15,16,18 	4
1,2,3,4,6,10,11,13,14,15 	35
1,2,4,5,6,14,16 	11
1,2,4,8,9,10,12,14,15,16,17 	1
1,2,3,4,5,6,7,9,10,12,14,15,16,18 	1
1,2,3,4,5,8,14,16 	5
1,2,3,4,5,8,14,15 	5
2,3,4,7,15,16,17 	11964
1,2,3,4,5,6,7,9,10,12,14,15,16,17 	158
1,2,4,5,6,10,11,13,15 	2
1,2,4,5,6,10,11,13,14 	28
1,2,4,5,6,10,11,13,16 	1
1,3,4,10,11,13,15,16,18 	1
1,2,10,11,12,13,14,15,16 	8
1,2,4,5,6,10,11,13,18 	4
1,4,5,6,8,14 	1
1,2,5,6,7,9,10,13,14,16 	1
1,2,3,6,7,8,10,14 	1
1,2,3,4,10,16 	24
1,2,3,4,10,15 	282
1,2,3,4,10,14 	49
1,3,5,6,10,14 	4
2,3 	399683
2,4 	3282
1,2,4,7,12,14,15 	1
2,7 	754
2,8 	54
1,2,5,15,16 	10
1,2,5,15,18 	1
1,13,14 	16
1,2,3,4,5,6,10,11,14,15,16 	19
1,2,5,6,10,16 	1
1,13,17 	1
2,3,11,15,16 	193
1,2,5,6,10,18 	8
1,13,18 	2026
1,2,10,11,15,16,18 	60
1,2,3,6,8,10,14,15,16,17 	3
1,2,4,5,10,11,13,15,16 	17
1,2,3,5,6,14,16 	91
1,2,3,5,6,14,15 	2
1,2,4,5,10,11,13,15,18 	14
1,2,3,5,6,13,14,16 	12
1,2,4,5,6,7,9,10,11,14,18 	2
1,2,3,4,5,6,10,11,14,15,18 	7
1,2,3,10,11,14,15,16,17 	1
2,3,14,15,16,17 	19
1,2,3,10,11,14,15,16,18 	2011
1,2,3,6,10,11,13,14,15,16,18 	51
1,2,3,4,5,7,10,11,13,14,15 	10
1,5,8,10,14 	19
1,2,3,4,5,6,7,9,10,11,12,14,15,16,18 	8
1,2,3,9,10,11,14,15,16,18 	22
1,2,5,6,10,13 	42
1,2,5,6,10,14 	3028
1,2,5,6,10,15 	2
1,2,3,10,12,13,14,15,16 	72
1,2,3,8,9,10,11,14,15 	1
1,2,5,6,10,11 	27
1,2,5,10,12,14,15,16,17 	42
1,2,3,4,5,12,14,15,16 	1
1,2,5,10,12,14,15,16,18 	3
1,2,3,4,6,10,11,13,14 	2
1,2,6,10,11,13,14,16 	1
2,4,7,15,16,17 	46
1,2,5,7,12,14,15,16 	7
1,2,3,4,6,9,10,11,14,15 	2
1,2,6,10,11,13,14,15 	9
1,2,4,6,10,11,15,16,18 	2
1,2,3,4,9,12,14,15,16 	1
1,2,10,11,14,18 	34459
1,2,10,11,14,16 	14
1,2,10,11,14,15 	2366
1,2,4,5,6,8,9,10,11,12,14,18 	2
1,2,5,6,8,10,11,14,15 	1
1,2,4,6,10,14,15,16 	68
1,2,3,6,8,9,10,13,14 	1
1,2,5,6,8,10,11,14,18 	1
1,2,6,10,11,13,14,18 	52
1,2,4,10,14,15 	4627
1,2,3,4,10,11,12,14,15,16,18 	2
1,2,4,10,14,16 	333
1,2,3,6,9,10,11,14,15 	6
1,2,3,4,5,6,7,10,14,16 	15
1,2,3,4,5,6,7,10,14,15 	15
1,2,3,10,13,14,16 	24
1,2,7,8,10,15,16 	2
1,2,3,10,13,14,15 	959
1,2,3,5,7,8,10,12,14,15,16 	22
1,2,3,5,6,10,15,16 	2
1,2,3,4,5,7,14,15,16 	19
1,2,6,8,9,10,11,12,18 	2
1,2,7,10,13,14,15 	43
1,2,10,12,14,15,17 	1
1,2,10,12,14,15,16 	9312
1,2,3,5,6 	14
1,2,3,4,5,7,10,11,13,14,15,16 	30
1,2,3,4,5,7,10,11,13,14,15,18 	3
1,2,5,7,8,10 	2
1,2,3,4,5,6,10,11,13,14,15,16,18 	95
1,2,3,4,8,10,14 	2
1,2,3,4,8,10,15 	1
1,2,4,5,6,10,11,13,15,16 	4
1,2,3,4,7,12,13,14,15,16 	2
1,2,3,4,7,10,15,16 	1913
1,2,3,4,7,10,15,17 	14
1,2,3,7,8,10,14,15 	3
1,6,13 	97
1,6,10 	137
1,2,3,7,15,16,17 	188
1,6,11 	123
1,6,17 	17
1,6,14 	308
1,2,4,5,14 	1
1,6,18 	57
1,2,3,4,5,6,8,10,11,13,14,15,16 	2
1,2,4,5,10 	15
2,11,14,15 	5
1,2,7,10,13,15 	2
1,2,5,6,8,9,10,11,12,13,14,15,16,18 	1
1,2,3,7,8,10,14,15,16 	9
1,2,3,4,5,7,9,10,11,12,14,15,16 	6
1,2,3,7,10,11,12,14,15 	6
1,3,4,5,6,8,14,16 	2
1,2,5,6,9,10,11,13,14,16,18 	6
1,2,4,5,6,7,8,10,12,15,16,17 	7
1,2,5,6,10,12,14,15,16 	44
1,2,3,4,7,13,14,15 	3
1,2,4,5,6,10,13,14,15 	17
1,2,4,5,10,15,16,18 	1
1,2,4,5,10,15,16,17 	6
1,2,4,6,7,8,10,12,15,16 	3
1,2,3,5,10,13,14,15,16,17 	10
1,2,3,5,10,13,14,15,16,18 	2
1,2,3,6,10,13,14,15,18 	2
1,2,3,6,10,13,14,15,16 	14
1,2,9,10 	12
1,2,4,12,14,15,16,17 	1
1,2,6,9,10,11,13,16,18 	3
1,2,9,11 	16
1,2,3,4,5,6,7,10,14,15,17 	1
1,2,3,4,5,6,7,10,14,15,16 	226
1,2,3,6,7,10,11,12,14,15,16,18 	1
1,2,9,14 	54
1,2,4,5,6,8,9,10,11,14,15,16 	2
1,2,3,6,7,10,11,14,15,16,18 	1
1,2,3,4,6,7,8,10,12,14,15,16 	41
1,2,5,6,9,11,13,14 	1
1,2,3,7,13,15,16 	3
1,2,3,5,6,9,10,11,13,14,15,16 	6
1,2,3,5,12,15,16 	2
1,2,3,5,6,9,10,11,13,14,15,18 	5
1,2,4,5,8,10,12,15,16 	2
1,2,10,11,13,15,18 	106
1,2,10,11,13,15,16 	39
1,2,4,8,10,12,15,16 	3
1,2,4,5,6,8,9,14 	1
1,2,3,11,13,14,15 	79
1,2,3,4,5,6,10,12,13,14,15,16,17 	3
1,6,8,9,14 	9
1,2,3,5,9,10,12,13,14,15,16 	4
1,6,8,9,17 	1
1,2,4,5,6,14,15,16 	1
1,2,5,11,14,18 	134
1,2,5,8,11,14 	1
1,2,4,5,6,8,10,16 	1
1,2,5,11,14,15 	2
1,2,4,5,6,9,10,11,14,15,16,18 	2
1,2,3,4,6,7,8,9,14,15,16 	1
1,2,4,5,6,7,10,13,16 	1
1,2,3,10,13,14,15,16 	285
1,2,4,7,14,15,16 	91
2,3,6,10,14,15,16 	1
1,2,4,5,10,11,15 	2
1,2,4,5,10,11,14 	69
1,2,4,5,10,11,13 	14
1,10,11,18 	53
1,10,18 	48
1,10,17 	2
1,2,4,10,12,14,15,16 	1818
1,10,15 	2
1,2,5,7,9,10,12,14,15,16 	27
1,10,14 	47123
1,10,13 	78
1,10,11 	644
1,2,4,5,10,11,18 	5
1,2,3,10,13,14,15,17 	23
1,2,3,10,13,14,15,18 	32
8,11,14 	3
1,2,3,5,9,10,14,15,16,17 	8
1,2,3,4,6,10,13,14,16 	12
1,10,11,14 	74
1,2,3,4,6,10,13,14,15 	4
1,10,11,13 	26
6,13,18 	15
1,2,5,6,10,11,14,15,18 	2
1,2,5,6,10,11,14,15,16 	16
2,4,7 	114
1,2,3,4,5,8,9,10,14,15,16,17 	5
1,2,3,6,8,10,11,12,13,14,15,16 	1
1,2,3,4,6,7,10,12,13,14,15,16 	1
1,2,4,7,9,10,12,13,14,15,16 	2
1,2,7,10,11,16,18 	1
1,2,3,4,5,6,8,9,10,11,12,14,15,18 	1
1,2,4,5,7,14,15,16 	4
1,2,3,4,5,7,9,10,14,15,16 	46
1,2,3,4,7,10,12,15 	3
1,2,3,4,10,11,13,14 	3
1,2,3,4,12,13,14,16 	5
1,2,3,4,5,6,10,12,13,14,16 	1
1,2,4,5,6,9,10,11,13,16,18 	2
2,8,10,14 	3
2,3,4,11,15,16 	8
1,2,3,8 	6
1,2,3,7 	2
1,2,3,6 	34
1,2,3,6,7,10,14,15,16,17 	2
1,2,5,6,13,16 	3
1,2,10,13,15,17 	2
1,2,10,13,15,18 	84
1,2,3,8,14,15,16 	22
1,2,3,4,6,7,9,10,11,14,15,16,18 	5
1,2,3,5 	5
1,2,4,5,11,13,15,16 	1
1,2,3,4 	3
1,2,5,6,13,14 	64
1,2,10,13,15,16 	128
1,2,4,8,10 	4
1,2,3,4,12,15,16 	401
1,2,4,7,8,14,15 	3
1,2,4,8,14 	1
1,2,4,5,6,7,10,11,13,14,15 	1
1,2,4,6,9,11,14,15,16,18 	1
1,5,9,10,14,15,16 	1
1,2,3,10,12,14,15,17 	1
1,2,3,10,12,14,15,16 	4505
1,2,3,5,6,9,10,12,14,15,16 	29
2,3,10,11,14,15,18 	1
1,2,5,13,14,15,16 	6
1,4,9,11,12 	1
2,4,11,15,16 	4
2,4,7,12,15,16,17 	27
1,2,7,9,10,14,15,16,17 	1
1,2,3,4,5,6,7,8,9,10,12,14,15,16,17 	207
1,2,3,6,9,10,11,13,14,15,16,18 	6
1,2,4,8,9,10,11,13,16,18 	1
1,2,4,7,8,10,12,15,16 	10
1,2,5,6,7,9,11,16,18 	1
1,6,9,11,12,14 	1
1,2,3,4,5,6,9,10,11,13,14,15,16,18 	12
1,5,6,9,11,18 	1
1,2,3,4,5,6,7,8,10,14,15,16 	61
1,2,3,5,6,8,10,12,14,15,16 	9
1,2,6,10,11,14,15,16,18 	21
1,5,6,9,11,14 	1
1,2,3,9,10,11,13,14,15,16,18 	4
1,2,8,9,10,11,13,16,18 	1
1,2,3,7,13,14,15,16 	1
1,2,3,6,10,11,14,15,16,18 	121
1,2,3,5,6,10,11,14,15,16,18 	35
1,2,4,6,7,10,13,14,15,16,17 	2
1,2,3,4,5,8,10,11,13,14,15 	1
1,2,4,6,10,13,14 	1
2,4,12,14,15,16 	9
1,2,6,13,16 	7
1,2,6,13,15 	1
1,2,6,13,14 	95
1,2,4,6,10,13,15 	1
2,3,4,14,15 	37
1,2,3,6,10,11,15,16,18 	1
2,3,4,14,16 	66
1,2,4,6,7,9,10,11,14,15,18 	1
1,9,10 	9
1,9,11 	229
1,2,4,5,6,10,12,14,15,16 	13
1,9,17 	31
1,2,3,10,11,15,16,18 	4
1,2,5,6,9,10,13,14,15,16 	26
1,9,13 	64
1,2,8,11,14 	1
1,9,14 	225
1,2,4,6,7,9,10,11,14,15,16 	2
1,2,4,5,7,10,12,14,15,16 	1654
1,5,6,10,13,14 	1
9,11,12,18 	8
1,2,4,5,7,10,12,14,15,17 	1
1,2,3,5,7,12,14,15,16 	4
1,3,4,6,10,14,16 	3
1,2,4,6,10,12,14,15,16 	7
1,2,5,8,10,15,16 	7
1,2,3,5,7,10,11,12,14,15,16 	9
1,2,7,14,15,16 	139
1,3,4,6,8,16 	1
1,2,3,6,10,12,14,15,16 	25
1,2,4,6,7,10,14,15,18 	1
1,2,4,6,7,10,14,15,16 	23
1,2,13,14,15,16 	68
1,2,4,5,7,9,10,11,13,18 	1
1,2,3,4,5,6,7,10,12,13,14,15,16 	8
1,2,3,7,10,11,12,14,15,16 	34
1,2,4,5,7,9,10,12,14,15,16,17 	16
1,9,11,18 	17
1,2,3,4,7,9,10,11,12,14,15,16 	14
1,9,11,13 	168
1,9,11,14 	14
1,2,5,8,9,10,14,15,16 	1
1,2,3,11,15 	81
1,2,4,6,7,10,13,15,16 	1
1,2,3,4,5,7,13,14,15,16 	1
1,2,7,8,10,15 	1
1,2,9 	12
1,2,3,7,10,12,14,15,18 	1
1,2,8 	249
1,2,3,7,10,12,14,15,17 	1
1,2,7 	47
1,2,3,7,10,12,14,15,16 	3523
1,2,6 	822
1,2,5 	9484
1,2,6,8,10,11,13,14,15,16,18 	1
1,2,7,11,14 	1
1,3,4,8,14,16 	2
1,2,4,5,6,10,12,13,15,16 	1
1,2,4,7,12,14,15,16,17 	2
1,9,11,12 	7
1,2,3,4,6,7,9,10,12,13,14,15,16,17 	2
12,15,17 	196
12,15,16 	616481
1,2,5,10,12,15,16 	59
1,2,4,6,8,10,13,14,15 	1
1,2,3,4,10,14,15,17 	172
1,2,3,4,10,14,15,18 	1
1,2,3,4,10,14,15,16 	11951
1,2,3,5,6,10,11,13,14,15 	92
1,2,3,4,5,6,12,14,16 	51
1,2,4,6,8,10,12,13,14,15,16 	1
1,2,4,5,6,10,13,15 	2
1,2,4,5,6,10,13,14 	1
1,2,4,5,6,9,10,11,14,18 	4
1,2,10,13,14,15,16,17 	3
1,2,3,4,6,8,13,14,16 	3
1,2,10,13,14,15,16,18 	2
1,2,5,6,9,10,14,15,16 	38
1,2,3,4,5,6,9,10,12,13,14,15,16,17 	1
1,2,3,8,10,12,14,15 	1
1,2,3,4,5,6,9,10,12,14,15,16,17 	5
2,4,7,15,17 	4
2,4,7,15,16 	13030
1,2,3,7,8,9,10,12,14,15,16,17 	1
1,2,4,10,11,13,14,15,18 	36
1,2,4,10,11,13,14,15,16 	174
1,2,3,4,8,10,12,13,14,15,16 	1
1,2,3,4,6,10,11,13,14,15,16,18 	43
1,2,4,5,6,16 	3
1,2,4,5,6,14 	2
1,2,3,8,10,13,14,15 	1
1,2,13,18 	21
1,2,3,4,5,6,8,10,11,12,13,14,15,16,18 	1
1,2,4,5,10,11,13,14,15,18 	23
1,2,13,14 	10880
1,2,4,5,10,11,13,14,15,16 	29
1,2,3,4,6,7,8,9,10,12,14,15,16,17 	76
1,2,13,15 	105
1,2,3,4,6,8,9,10,12,14,15,16,17 	1
1,2,13,16 	11
1,2,5,7,13,14,15,16 	1
1,2,4,10,13,16,18 	1
1,2,3,4,6,7,10,11,13,14,15 	1
1,2,4,7,8,12,15,16,17 	1
1,2,3,4,13,15 	3
1,2,3,4,13,16 	1
1,2,3,4,5,6,10,14 	3
1,2,4,7,14,15 	65
1,2,6,9,11 	1
1,2,4,7,14,16 	16
1,2,3,5,8,10,14,15,16,17 	137
1,2,5,7,10,12,14,15,16,17 	39
1,2,6,9,10 	2
1,2,4 	68
1,2,3 	353
1,2,5,7,10,11,14,15,16 	5
1,2,3,5,7,10,11,14,15 	13
1,3,4,14,16 	37
1,2,3,7,10,13,15 	1
1,2,3,5,6,7,10,14,15,17 	1
1,2,3,5,6,7,10,14,15,16 	18
2,4,7,12,14,15,16 	13
1,2,4,5,7,10,13,14,15,16 	30
1,3,5,6,8,12,14,16 	1
1,2,3,4,5,10,12,14,15,16,17 	367
1,2,3,10,12,15,16,17 	111
1,2,3,4,5,10,12,14,15,16,18 	3
1,2,4,6,7,10,11,14,15 	1
1,2,7,10,14,15,17 	8
1,2,7,10,14,15,18 	1
1,2,3,10,12,13,15,16,17 	1
1,3,4,11,15,16,18 	1
1,2,3,4,5,6,10,12,14,15,16 	30
1,2,5,6,10,11,15,16 	2
1,2,5,6,9,10,12,14,15,16 	21
1,2,7,10,14,15,16 	4925
1,2,4,5,7,10,11,14,15,16,18 	1
1,2,4,5,6,7,10,11,14,15,16 	1
1,2,3,4,7,10,13,14,15,16,18 	1
1,2,3,4,7,10,13,14,15,16,17 	12
1,2,4,6,7,8,10,12,15,16,17 	4
1,2,3,10,12,13,14,15,16,17 	8
1,2,4,5,8,10,11,13,14,16 	1
10,11,14 	43672
1,2,4,5,12,15,16 	1
1,2,3,5,11,13,14,15,18 	27
1,2,3,4,7,10,12,14,15,16,18 	19
1,2,3,4,7,10,12,14,15,16,17 	11197
1,2,3,5,11,13,14,15,16 	3
1,2,7,9,10,11,13,16 	2
1,2,4,5,6,10,11,13,14,15,16,18 	4
1,2,3,5,10,11,13,15,16 	4
1,2,3,5,10,11,13,15,18 	2
1,2,4,6,7,8,9,10,11,12,14,18 	2
1,2,3,4,5,7,9,10,11,13,14,15,16 	2
1,2,5,6,9,10,11,14,15,16,18 	3
1,3,5,6,8,14,16 	2
1,2,3,7,12,14,15,16,17 	17
1,2,4,5,6,8,10,11,13,14,15,16,18 	1
1,2,3,8,10,12,14,15,16 	76
1,2,6,10,13,18 	1
1,2,3,4,5,6,7,8,10,12,14,16 	2
1,2,6,10,13,15 	5
1,2,6,7,10,11,13,14 	1
1,2,6,10,13,14 	338
1,2,3,4,5,6,8,16 	1
1,2,3,4,5,7,8,10,12,13,14,15,16,17 	3
1,2,4,6,13,16 	1
1,2,3,4,5,6,8,14 	1
1,2,3,4,6,8,9,10,14,16 	4
1,6,8,9,10,14 	1
1,2,3,4,6,10,12,13,14,15,16,17 	1
1,4,8,16 	1
1,3,6,10,16 	1
1,2,3,8,9,14,16 	3
1,2,3,4,6,8,10,11,13,14,15,16,18 	4
1,3,4,10,12,14,16 	1
1,3,6,10,14 	8
1,2,10,11,14,15,16 	5848
1,2,10,11,14,15,18 	261
2,12,15,16 	2356
1,2,3,7,14,15,16 	298
1,2,5,10,18 	167
1,2,5,10,17 	26
1,2,3,4,8,9,10,14,16 	1
1,2,5,10,16 	14
1,2,4,5,6,8,9,10,12,14,15,16,17 	2
1,2,5,10,15 	77
1,2,3,7,14,15,17 	1
1,2,5,10,14 	213166
1,2,5,10,13 	526
1,2,3,6,8,10,14,15 	6
1,2,5,10,11 	640
3,12,15,16,17 	11435
1,2,3,6,8,10,14,16 	5
2,3,14 	70
2,3,15 	116194
2,3,10 	1
1,2,4,6,7,8,9,10,11,14,15,16,18 	1
2,3,11 	2
1,5,6,8,9,10,11,14,18 	1
1,2,3,4,6,14,15,16 	14
2,3,16 	298
2,3,17 	2
1,6,7,9,11,12,14 	1
1,2,3,5,7,9,10,14,15,16 	40
1,2,4,5,9,11,13,14 	1
1,2,3,7,14,15 	57
1,2,3,4,5,8,10,13,14,15 	1
1,2,3,5,7,10,12,13,14,15,16,17 	4
1,2,6,7,9,10,11,13,14,15,16 	1
2,3,4,7,12,14,15,16,17 	27
1,2,4,7,10,11,15,16 	9
1,2,3,7,11,14,15,16 	3
1,2,3,5,8,10,11,13,14,15,16,18 	9
1,2,3,4,6,7,14,15,16 	7
1,2,3,9,10,13,14,15 	2
1,3,4,10,14,16 	43
1,2,5,6,10,11,15,16,18 	1
1,2,3,4,7,9,10,11,13,14,15,16 	3
1,2,5,6,9,10,11,13,16 	1
1,2,3,5,10,13,14,15 	430
1,2,7,10,11,12,14,15,16 	2
1,2,5,6,9,10,11,13,14 	24
1,2,6,7,9,10,14,15,16,18 	1
1,2,5,6,9,10,11,13,18 	14
1,2,3,5,10,13,14,16 	7
1,2,3,10,11,12,14,15 	4
1,2,3,4,6,10,12,14,16 	47
1,2,5,8,14,15,16 	7
1,2,3,4,6,10,12,14,15 	1
1,2,3,5,6,7,9,10,12,14,15,16,17 	4
1,2,4,5,6,7,8,10,16,17 	1
1,2,4,7,15,16,17 	21
1,2,3,5,10,11,15,18 	2
1,2,6,7,8,10 	1
1,2,3,5,10,11,15,16 	2
1,3,8,14 	1
1,2,4,10,11,13,14,15,16,18 	33
3,4 	298
1,2,5,6,10,14,16,17 	1
1,3,8,10 	2
3,9 	1
1,2,3,5,10,14,16 	87
1,2,3,5,10,14,15 	4674
1,2,3,5,10,11,12,13,14,15,16 	2
1,2,4,6,10,11,13,15 	1
1,2,4,6,10,11,13,16 	1
1,2,5,6,14,15,16 	3
1,2,4,6,10,11,13,18 	2
1,2,3,5,7,8,10,12,13,14,15,16,17 	1
1,2,10,12,13,15,16 	26
1,2,4,6,10,11,13,14 	34
1,2,5,8,10,11,14,15,16,18 	5
1,2,3,5,10,14,18 	1
1,2,3,6,7,9,10,11,12,14,15,16 	7
1,2,4,6,9,10,11,12,13,14 	1
1,2,6,8,11,14 	1
1,2,6,8,10,11,13,14,16 	1
1,2,6,8,10,11,13,14,18 	1
1,2,3,4,5,6,10,12,14,15,16,17 	16
1,2,3,4,5,6,10,12,14,15,16,18 	1
1,2,3,5,8,10,13,14,15 	2
1,2,4,5,6,7,8,9,10,12,13,14,15,16 	1
1,2,4,7,10,16,17 	4
4,14,15,16 	1
1,5,10,11,18 	21
1,2,3,4,5,10,14,15,16 	3403
1,2,3,4,5,10,14,15,17 	50
12,15,16,17 	702
1,5,10,11,14 	9
1,2,5,6,9,10,12,13,14,15,16 	8
1,2,3,4,5,10,11,13,14,15 	95
1,2,3,4,7,15 	222
1,3,5,6,9,14,16 	1
1,2,3,4,5,6,8,10,13,14,16 	1
1,2,3,4,5,6,8,10,13,14,15 	1
1,2,3,4,6,7,10,12,13,14,15,16,17 	1
1,2,3,7,10,11,14,15,18 	2
1,2,3,4,9,10,11,13,14,15,16 	11
1,2,3,4,9,10,11,13,14,15,18 	1
1,2,3,4,7,8,9,10,12,13,14,15,16 	1
1,2,3,7,10,11,14,15,16 	63
1,2,3,4,10,11,13,14,15,16 	860
1,2,3,4,10,11,13,14,15,18 	197
1,2,7,9,10,13,14,15 	1
1,2,3,4,6,7,8,9,10,14,15,16,17 	15
1,2,5,7,10,12,14,15,16 	1001
1,2,4,5,6,7,8,10,12,14,15,16 	3
1,2,3,7,8,14,15 	1
1,2,4,6,7,9,10,11,13,14,15,16,18 	2
1,2,4,5,7,14,15 	2
1,2,3,9,10,11,14,15,16 	82
1,2,3,7,10,11,12,14,15,16,18 	2
1,2,6,7,8,9,10,11,13,16,18 	1
1,2,3,9,10,11,14,15,18 	3
1,2,3,4,5,9,10,14,15,16,17 	5
1,2,3,4,5,10,11,14,15,18 	12
1,2,3,4,5,10,11,14,15,16 	59
2,10,14,15 	1
1,2,3,5,7,10,11,13,14,15,16 	3
1,5,6,8,14 	17
1,2,3,4,5,7,10,11,12,14,15,16,18 	4
1,5,6,8,10 	4
1,2,5,6,9,10,11,14,16,18 	1
4,9,11 	2
1,2,3,5,11,14,15 	4
4,15,16,17 	435
1,2,4,5,7,10,13,14 	1
1,2,4,5,7,10,13,15 	1
1,2,3,4,11,14,15,18 	5
1,2,4,7,9,10,14,15,16 	16
1,2,4,7,9,10,14,15,17 	1
1,2,3,4,11,14,15,16 	14
1,2,4,5,7,10,13,18 	1
1,2,3,4,6,7,9,10,12,14,15,16,17 	69
1,2,4,5,6,9,10,13,14,16,18 	1
1,2,3,5,6,8,10,12,14,15,16,17 	2
1,2,6,9,11,18 	1
1,2,6,9,11,13 	2
1,2,6,9,11,14 	2
2,16 	501
2,15 	79779
2,14 	54161
1,2,6,7,9,10,11,12,16,18 	1
1,2,3,4,9,10,11,14,15 	2
2,11 	1116984
2,10 	312
1,2,4,6,7,10,12,14,15,16 	11
1,2,3,4,5,10,11,14,15 	69
1,2,5,6,7,8,9,10,11,12,14,16,18 	2
1,2,3,4,5,10,12,14,16 	17
1,2,3,4,6,8,9,10,14,15,16 	1
1,2,3,4,5,10,12,14,15 	5
1,2,3,4,6,12,13,14,16 	20
1,2,3,4,9,10,12,14,15 	2
1,2,5,10,11,13,14,18 	5815
1,2,3,4,7,10,15 	222
1,2,3,4,7,10,14 	8
1,2,4,10,13,14,15,16 	63
1,2,4,10,13,14,15,18 	1
1,2,3,5,6,7,10,11,12,14,15,16 	1
2,18 	1
1,2,5,10,11,13,14,15 	348
1,2,5,10,11,13,14,16 	7
1,2,4,5,6,8,9,14,16 	2
1,2,3,5,6,7,8,9,10,11,12,14,15,16,18 	1
1,5,6,8,9,14 	2
2,3,4,11,15 	26
1,2,3,4,5,6,8,10,14,15,16,17 	62
1,2,4,5,8,10,15,16 	14
1,2,3,4,6,7,8,9,10,11,12,14,15,16,18 	4
2,7,15,16 	6682
1,2,13,15,16,18 	1
2,7,15,17 	3
1,2,4,7,10,13,14,15,16 	41
1,5,10,14,18 	8
1,5,10,14,17 	7
10 	916
11 	4051
12 	4248
13 	61
1,2,3,4,6,7,10,12,14,15,16,17 	246
14 	125120
15 	2825
2,7,15,16,17 	7
16 	10386
17 	6
1,3,4,6,8 	1
18 	107973
1,2,3,4,5,9,10,12,13,14,15,16 	1
1,2,4,9,10,11,13,14,18 	1
1,2,5,6,8,9,10,11,12,14 	1
1,2,3,4,6,10,11,14,15,18 	9
1,2,4,5,7,10,12,15,16,17 	92
1,2,4,5,7,10,12,15,16,18 	1
1,3,4,6,8,9,14,16 	2
1,2,5,6,8,9,10,11,12,18 	1
1,2,3,6,9,10,12,14,15,16,17 	2
1,2,5,6,9,10,11,16,18 	3
1,2,6,10,14 	4959
1,2,6,10,13 	47
1,2,6,10,16 	2
1,2,6,10,15 	9
1,2,3,5,9,10,11,13,14,15,18 	2
1,2,5,10,11,16 	2
1,2,5,10,11,18 	226
1,2,6,10,11 	42
1,2,3,4,5,6,14,15,16 	2
1,2,5,11,14,15,16,18 	1
1,2,3,4,6,10,11,14,15,16 	34
1,2,6,10,18 	4
1,2,3,4,5,8,10,14,15,16 	786
1,2,6,10,17 	1
1,2,3,4,5,8,10,14,15,17 	28
1,2,3,5,9,10,11,13,14,15,16 	4
1,2,3,4,6,7,12,14,15,16,17 	1
1,2,5,10,11,13 	543
1,2,5,10,11,14 	18549
1,2,5,10,11,15 	25
1,2,4,5,13,15,16 	1
1,2,3,8,10,14,15,16 	396
1,2,5,7,8,9,10,12,14,15,16 	1
1,2,3,8,10,14,15,17 	39
1,2,5,6,7,9,10,11,13,18 	2
1,2,5,12,14,15,16 	15
1,2,3,4,5,6,9,10,14,15,16,17 	1
1,2,3,5,7,8,10,11,12,14,15,16 	1
1,2,3,5,9,10,13,14,15,16 	8
1,2,4,5,6,8,9,10,11,12,14,15,16,18 	4
1,2,9,14,16 	1
1,2,5,6,9,14,15,16 	1
1,2,5,6,7,9,10,11,13,16 	1
1,2,9,14,17 	1
1,2,5,6,7,9,10,11,13,14 	2
1,2,4,7,10,11,13,14,15 	117
1,2,6,7,11,13,16,18 	1
5,6,14 	302
1,2,3,5,10,13,15,16,18 	2
2,4,11,15 	10
2,4,11,16 	4
1,2,5,6,8,9,10 	2
1,2,5,7,8,10,12,13,14,15,16 	2
1,2,4,5,7,10,16,17 	8
1,2,5,6,8,9,14 	3
1,2,3,6,10,13,14 	27
1,2,3,5,7,10,14,15,16 	2719
1,2,13,14,16 	1
1,2,13,14,15 	77
1,2,3,5,7,10,14,15,17 	48
1,2,13,14,18 	94
1,2,3,6,10,11,14,15,18 	35
2,10,11,14 	15
1,2,4,5,7,8,10,11,12,14,15,16 	1
1,2,4,6,10,13,14,15,16 	5
1,2,11,14,15,16 	100
2,5,10,11,14 	1
1,2,7,14,16 	4
1,2,3,10,14,16 	523
1,2,3,10,14,15 	26896
1,2,11,14,15,18 	9
1,2,7,14,15 	47
1,2,4,6,7,8,9,10,11,13,14,15,16,18 	1
1,2,3,6,10,11,14,15,16 	111
1,2,4,7,8,10,15,16,17 	10
1,2,3,4,5,8,10,13,14,15,16,17 	3
1,2,3,4,6,7,8,12,14,15,16,17 	1
1,2,4,6,8,10 	1
4,12,15 	733
1,2,3,4,5,6,8,9,14,16 	6
1,2,4,8,10,15,16 	18
1,2,4,8,10,15,17 	1
1,2,4,6,8,16 	4
1,2,6,8,11,13,18 	1
1,2,4,14,16 	107
4,12,16 	6270
1,2,4,14,15 	156
1,2,4,5,10,13,14,15,18 	2
1,2,4,5,10,13,14,15,17 	1
1,2,4,5,10,13,14,15,16 	52
1,2,4,5,6,8,13,14,16 	1
1,2,7,10,16,18 	1
1,2,5,6,13,14,15,16 	2
1,2,7,10,16,17 	1
1,2,4,5,7,10,12,15,16 	129
1,2,4,5,10,12,14,15 	4
1,2,4,6,12,13,14,16 	1
1,2,3,4,10,15,16,17 	166
1,2,4,5,6,7,9,10,12,14,15,16 	10
1,2,3,6,8,9,10,12,13,14,15,16 	1
1,2,3,4,6,8,14,15 	1
1,2,3,4,6,8,14,16 	150
1,2,3,4,6,7,10,12,14,15,16,18 	1
1,2,9,10,11,13,14,15,16 	2
1,2,5,7,10,12,14,15 	3
2,4,7,14,15,16 	26
1,2,3,5,10,15 	17
1,2,6,11,13,15,16 	2
1,2,3,5,10,14 	688
1,2,3,5,7,10,15,16 	2
1,2,3,6,9,10,14,15,16 	17
1,2,3,5,10,12,14,15,16,17 	363
1,2,3,5,10,12,14,15,16,18 	2
1,3,4,5,6,12,14,16 	1
1,2,3,11,14,15,18 	46
1,2,3,11,14,15,16 	71
1,2,4,5,7,8,10,16 	1
1,2,4,8,14,15,16 	12
1,2,4,5,7,8,10,15 	4
7,9,11,12 	7
1,2,3,6,10,12,13,14,15,16,17 	2
1,2,3,6,10,12,14,15,16,17 	3
1,2,3,4,5,7,10,15,16,17 	1
1,2,7,10,11,13,14,15 	16
1,2,6,11,14,15,16 	3
1,2,4,15,16,17 	5
1,2,4,6,9,10,11,12,14,15,16 	1
1,2,4,5,9,10,11,13,18 	5
1,2,4,5,9,10,11,13,14 	4
1,2,3,8,10 	3
1,2,3,5,7,10,11,13,14,15,16,18 	5
1,2,3,8,16 	1
1,2,4,10,11,15,18 	4
1,2,6,8,9,10,11,12,14,16,18 	1
1,2,3,8,14 	51
1,2,4,10,11,15,16 	29
1,2,3,5,8,10,12,14,15,16,17 	30
1,2,4,6,7,9,10,11,16,18 	1
1,2,5,6,7,10,11,13,14,16,18 	2
2,3,4,7 	3
1,2,3,8,10,12,14,15,16,17 	28
1,2,3,6,14,15 	13
12,15 	25635
1,2,5,13,15,16 	3
1,2,3,6,14,16 	156
1,2,3,5,6,8,10,13,14,15 	1
6,11,13,18 	64
1,2,11,13,15,18 	4
1,2,4,5,7,8,14,15,16 	1
1,2,11,13,15,16 	1
12,16 	133320
1,3,4,5,9,10,14,16 	1
2,4,7,12,15,17 	1
1,2,4,7,10,11,12,14,15 	1
2,4,7,12,15,16 	1844
1,2,4,6,8,9,10,12,14,15,16 	1
1,2,4,5,10,12,15,16,17 	6
1,2,3,5,7,10,12,15,16 	1
1,2,3,4,5,6,7,8,9,10,11,12,13,14,15,16,17,18 	2
1,2,4,5,6,8,9,10,14,15,16 	1
1,2,3,4,6,7,9,10,11,14,15,16 	8
1,2,3,4,6,8,14,15,16,17 	1
1,2,5,8,10,11,13,14 	6
1,2,3,4,6,7,10,11,14,15,16 	15
1,2,4,5,8,14,15,16 	2
2,3,7,15,17 	925
1,2,3,9,10,14 	4
2,3,7,15,16 	18733
1,2,5,8,10,11,13,18 	3
1,2,3,7,10,12,13,14,15 	1
1,2,3,7,9,10,11,12,14,15,16 	3
1,2,5,6,8,9,10,11,14,16,18 	2
1,2,8,9,10,14 	1
1,2,3,5,6,10,11,12,13,14,15,16 	1
1,2,3,5,6,10,11,12,13,14,15,18 	1
1,2,4,6,10,12,15,16,17 	1
1,2,4,5,12,14,15,16 	3
1,2,10,15,16,17 	77
1,2,10,15,16,18 	15
1,2,3,4,6,7,10,11,15,16 	1
1,2,3,4,6,10,11,13,14,15,16 	72
1,2,3,4,11,13,14,15,16 	10
1,2,3,5,8,14 	5
1,2,3,4,10,11,13,15,18 	1
1,2,3,4,10,11,13,15,16 	1
1,2,3,4,6,10,11,13,14,15,18 	9
1,2,4,5,7,8,10,15,16 	9
1,2,3,4,5,8,9,10,14 	1
1,2,5,9,10,14,15,16,17 	6
1,9,11,13,18 	96
1,2,3,4,5,6,8,9,10,11,13,14,15,16 	4
1,2,3,9,10,11,13,14,15,16 	5
1,2,3,4,5,6,8,9,10,11,13,14,15,18 	1
1,2,5,12,15,16 	5
1,2,4,5,8,9,10,11,13,16,18 	1
2,9,11,14 	1
1,2,5,6,8,10,13,15 	1
1,2,3,9,10,11,13,14,15,18 	1
1,2,5,6,7,8,9,10,11,12,16,18 	1
1,3,9 	1
1,3,8 	7
1,3,6 	45
1,2,3,4,6,7,8,10,14,15 	2
1,3,5 	6
1,2,6,7,8,9,10,11,12,14,16,18 	1
1,3,4,8,16 	1
1,3,4 	2
1,5,6,8,10,14 	5
1,2,4,5,6,7,9,10,11,14,16,18 	1
1,2,4,5,9,10,11,13,14,18 	2
1,2,4,5,6,7,8,9,10,14,15,16 	1
1,2,3,8,9,10,12,14,15,16 	2
1,2,3,4,7,10,11,12,14,15,16,18 	17
1,2,5,10,11,14,16 	9
1,2,5,10,11,14,15 	401
1,2,5,10,11,14,18 	5317
1,2,5,6,7,9,10,11,13,14,16 	1
1,2,8,10,15,16 	14
1,2,3,4,5,6,7,8,9,10,14,15,16,17 	49
1,2,4,5,8,10,13,14,15,16 	1
1,2,6,11 	19
1,2,6,10 	250
1,2,3,7,10,15,16,17 	167
1,2,6,15 	2
1,2,6,14 	3067
1,2,3,5,8,10,14,15 	202
1,2,6,13 	12
1,2,3,5,8,10,14,16 	5
1,2,6,18 	1
1,2,6,9,10,11,14,15,16,18 	1
1,2,5,6,10,11,13 	40
1,2,6,17 	2
1,2,6,16 	6
1,2,3,6,8,9,10,14,15,16 	1
1,2,5,6,10,11,16 	1
1,2,5,6,10,11,14 	316
1,2,5,6,10,11,15 	6
1,11,12,18 	1
1,2,5,6,10,11,18 	12
1,2,3,4,6,7,8,10,11,14,15,16 	1
1,2,3,4,6,8,9,10,11,13,14,15,16,18 	3
2,10,14 	516
1,2,3,4,6,8,12,14,16 	22
2,10,11 	1
1,2,5,10,11,12,14,15,16,18 	2
1,2,4,5,6,7,8,9,10,11,12,14,15,16 	2
1,2,9,10,13,14,15,16 	21
1,3,10,14 	103
1,3,10,15 	2
1,2,4,5,6,10,12,14,15,16,17 	4
1,2,4,5,6,7,8,9,10,11,12,14,15,18 	2
1,3,10,16 	5
1,2,3,11,12,14,15 	1
1,2,4,6,14,16 	19
1,2,3,4,7,12,14,15 	1
1,2,4,6,14,15 	2
1,2,3,7,15,16 	1060
1,2,3,7,15,17 	39
1,2,3,4,12,14,15,16 	91
1,2,7,10,17 	1
1,2,7,10,16 	89
1,2,3,4,6,9,10,14,16 	4
1,2,3,4,6,10,11,14,15,16,18 	62
2,3,4,16 	508
1,2,7,10,11 	21
1,2,7,10,15 	244
1,2,7,10,14 	253
1,2,5,6,10,11,13,15,16,18 	13
1,2,3,10,11,13,14,15,16,18 	1863
1,2,7,10,13 	3
1,2,5,6,10,11,14,18 	77
1,2,5,6,10,11,14,15 	7
1,2,7,13,14,15 	1
2,3,4,14 	1
2,3,4,15 	5255
1,2,4,7,10,12,15,16,17 	295
1,2,4,7,10,12,15,16,18 	1
1,2,3,4,10,13,15,16 	3
1,2,3,4,6,9,10,14,15 	1
1,2,3,8,9,10,11,13,14,15,16,18 	1
1,2,5,6,13,14,16 	1
1,9,10,11,14 	2
1,2,5,6,8,9,10,11,13,14,15 	2
1,2,5,6,8,9,10,11,13,14,18 	6
1,2,3,5,8,10,15,16,17 	1
1,2,3,4,7,10,11,12,14,15,16 	129
1,2,4,5,7 	1
1,2,5,6,7,10,13,14,15,16 	1
3,11,12,15,16 	1
1,2,7,10,11,13,14,15,16,18 	2
1,2,4,5,10,11,14,15,18 	5
1,2,4,9,10,11,16,18 	4
1,3,4,5,6,8,14 	1
1,2,4,7,10,11,13,14,15,16,18 	1
1,2,6,8,10,13,14 	1
1,2,6,15,16 	1
1,2,4,5,10,11,14,15,16 	15
1,2,6,10,11,13,14 	301
1,2,8,10,11,13,18 	1
1,2,6,10,11,13,18 	15
1,2,6,10,11,13,16 	1
1,2,3,4,5,7,8,14,15,16 	3
1,2,6,10,11,13,15 	2
1,2,3,4,6,8,9,10,12,14,15,16 	3
1,2,4,5,6,7,10,14,15,16 	51
1,2,8,10,11,13,14 	5
3,8,14 	10
1,2,3,4,7,12,13,15,16 	2
1,2,3,4,10,11,15,16,18 	1
1,2,5,13,14 	1209
1,2,5,13,15 	5
1,2,5,6,8,9,10,11,12,14,15,18 	1
1,2,5,13,18 	11
2,3,4,7,15,16 	36248
2,3,4,7,15,17 	423
1,2,3,4,10,13,14,15,16 	65
1,2,3,4,10,12,15 	3
1,2,3,5,6,10,14,15,16,17 	5
1,2,4,10,12,15,16 	387
1,2,3,8,10,14 	51
1,2,3,8,10,15 	1
1,2,4,6,9,10,13,14,18 	1
1,2,3,5,7,10,11,12,13,14,15,16 	1
1,2,3,4,10,13,14,15,18 	1
1,2,3,4,10,13,14,15,17 	1
1,2,3,5,10,13,15 	1
1,2,3,5,10,13,14 	35
1,2,3,4,8,9,10,14,15,16 	3
1,2,3,4,6,8,14 	4
1,2,5,6,8,10,14,15,16 	14
1,2,3,5,6,8,14,16 	16
1,3,4,12,16 	25
1,2,3,4,5,6,8,9,12,14,16 	2
1,2,6,7,9,10,11,18 	1
1,2,3,10 	155
6,9,11,18 	6
1,2,3,11 	1
1,2,4,5,6,10,14,15,16,17 	3
1,2,3,14 	1936
1,2,3,13 	1
1,2,3,16 	19
1,2,3,15 	3255
1,2,3,4,5,7,8,10,12,14,15,16,17 	742
1,2,4,5,10,12,13,14,15,16 	17
1,2,4,5,6,10,14,15,16,18 	1
1,2,5,10,11,15,16,18 	19
1,2,3,10,11,12,13,14,15,16 	8
1,2,3,5,6,10,13,14 	16
9,11,13 	10
1,2,4,5,6,7,10,12,14,15,16 	23
9,11,12 	30
9,11,14 	2477
1,2,3,8,10,13,14,15,16 	5
1,2,3,9,10,12,14,15,16 	41
1,2,6,8,10,14,15,16,17 	2
1,2,3,6,10,11,12,13,14,15,16,18 	1
1,2,3,12,13,15,16,17 	2
1,2,5,7,10,13,14,15,16,18 	1
1,2,3,5,7,9,10,13,14,15,16 	3
3,9,11,14 	538
1,2,3,4,5,7,8,9,10,12,14,15,16,17 	112
1,2,4,7,8,10,14,16 	2
1,2,3,6,10,11,14,15 	89
1,2,3,4,11,14,15,16,18 	3
1,2,4,7,8,10,14,15 	27
1,2,5,11,14,15,16 	3
1,2,5,11,14,15,18 	1
1,2,3,5,10,12,14,15,17 	2
1,2,3,5,10,12,14,15,16 	1851
1,2,3,4,6,16 	9
1,2,3,5,6,10,12,14,15,16,17 	1
1,2,3,4,5,7,9,10,11,14,15 	2
1,2,4,6,8,10,12,14,15,16 	1
1,2,4,6,8,11,12,14,16 	1
2,3,12,15,17 	2
2,3,12,15,16 	1923
1,2,7,9,11 	1
1,2,7,9,10 	1
1,2,3,10,11,15,18 	6
1,2,3,10,11,15,16 	20
1,2,5,10,15,16,18 	12
1,2,5,10,15,16,17 	12
1,2,3,4,6,7,9,10,13,14,15,16 	1
1,2,10,13,17 	2
1,2,6,7,9,10,11,14,18 	2
1,2,10,13,18 	341
1,2,10,13,15 	165
1,2,10,13,16 	5
1,2,3,4,5,6,10,11,13,15,16 	1
1,2,10,13,14 	142011
1,2,3,4,5,6,10,13,14,15,16 	4
1,2,7,10,12,14,15,16,17 	33
1,2,6,9,10,11,13,14,16,18 	1
1,2,3,4,7,8,14,15,17 	1
1,2,3,4,5,7,14,15 	3
1,2,3,5,6,7,9,10,11,12,14,15,16 	2
1,2,3,5,6,12,14,15,16 	1
1,2,3,4,7,8,14,15,16 	20
1,2,4,6,10,11,12,15,16 	1
1,2,3,5,6,7,10,12,14,15,16,17 	7
1,2,5,9,10,14,15,16 	279
1,2,4,5,6,8,9,10,11,13,14,18 	3
1,2,4,9,10,14,15,16 	9
1,4,5,10,14,16 	1
1,2,3,4,7,14,15,17 	3
1,2,3,9,10,12,14,15,16,17 	6
1,2,4,6,10,11,13,14,15 	3
1,2,4,5,6,7,14,16 	4
1,2,6,8,9,10,11,14,18 	4
1,2,4,6,10,11,13,14,18 	1
1,2,3,4,5,6,8,10,12,13,14,15,16,17 	1
1,2,3,4,6,7,8,9,10,14,15,16 	9
1,5,10,11,14,18 	1
1,2,3,13,15,17 	2
1,2,5,10,11,14,15,16,18 	269
1,2,3,4,6,12,14,15,16 	3
1,2,4,6,8,14,15,16 	1
1,2,3,13,15,16 	15
1,2,14,15,16,18 	3
1,2,3,4,7,14,15,16 	537
1,2,5,6,7,10,11,14 	1
1,2,14,15,16,17 	1
1,2,3,4,5,8,9,10,12,14,15,16 	2
1,2,3,4,5,10,11,13,14 	2
1,2,4,6,7,10,12,15,16,17 	7
1,2,7,10,11,13,14,15,16 	1
1,2,7,10,11,13,14,15,18 	2
1,2,3,4,7,8,9,10,12,14,15,16 	24
1,2,3,4,5,10,12,15,16 	4
1,2,4,6,7,10,12,15,16,18 	1
1,2,3,5,6,10,11,13,14,15,18 	61
1,2,3,5,6,10,11,13,14,15,16 	97
1,2,4,5,6,10,11,13,14,15,16 	4
1,2,4,5,6,10,11,13,14,15,18 	1
1,2,3,7,10,12,13,14,15,16 	19
1,2,4,7,13,14,15 	5
1,2,4,5,6,7,8,10,12,14,15,16,17 	3
1,3,5,10 	4
1,3,11,15,16,18 	3
1,2,4,8,10,12,14,15,16 	26
1,2,6,10,11,13,16,18 	1
1,3,4,5,8,16 	1
1,3,5,6,9,14 	4
1,2,4,6,10,11,14,16 	2
1,2,4,6,10,11,14,18 	2
1,2,5,7,10,15 	3
1,2,9,11,15,16 	1
1,2,5,7,10,16 	13
1,2,4,6,10,11,14,15 	2
1,2,3,4,5,6,9,10,11,14,15 	1
1,2,4,5,6,9,10,11,13,14,15,16,18 	2
1,2,5,7,10,13 	1
1,2,5,7,10,14 	36
1,2,5,7,10,11 	2
1,2,5,7,10,12 	1
1,2,3,6,8,14,15 	1
1,2,3,6,8,14,16 	36
1,2,3,5,11,15,18 	1
1,2,5,7,10,12,13,14,15,16 	8
1,4,6,10,14 	1
1,2,4,7,9,10,11,13 	1
1,2,4,7,10,15,16 	1101
1,2,4,7,10,15,17 	3
1,2,3,4,7,10,14,15,16,18 	17
1,2,3,4,7,10,14,15,16,17 	10169
1,2,3,11,12,14,15,16 	1
1,2,3,4,5,10,11,13,15,18 	1
1,2,6,10,11,14,15,18 	6
1,2,3,4,5,10,11,13,15,16 	2
1,2,3,5,8,10,13,14,15,16 	3
1,2,3,7,8,10,12,14,15,16 	12
1,2,3,4,5,8,10,14,15,16,17 	509
1,2,3,4,5,6,7,10,11,13,14,15,16,18 	4
1,2,6,9,10,13,14,15,16,17 	1
1,2,6,10,11,14,15,16 	65
1,2,12,13,14,15,16,17 	1
1,4,8 	1
1,2,5,6,8,9,10,11,13,14,15,16,18 	1
1,2,3,4,5,6,8,14,15 	2
1,2,3,5,6,14,15,16 	4
1,2,3,4,5,6,8,14,16 	88
1,2,4,10,11,13,14,15 	257
1,2,4,13,15,16 	17
1,3,6,8,9,14,16 	1
1,2,7,9,10,11,16 	3
2,3,5,7,10,14,15 	1
1,2,4,10,11,13,14,18 	56
1,2,3,5,7,10,14 	4
1,2,6,14,15,16 	6
1,2,4,10,11,13,14,16 	12
1,2,11,15 	13
1,2,11,14 	10173
1,2,4,7,9,10,11,14,15,16 	1
1,2,11,13 	669
1,2,11,18 	74
1,2,4,7,8,9,10,12,14,15,16 	1
1,2,3,7,8,9,10,12,14,15,16 	1
1,2,6,8,14,16 	4
1,2,6,11,13,15 	1
1,2,6,11,13,14 	14
1,2,6,8,14,15 	1
1,2,7,9,10,11,13 	4
1,2,3,4,5,6,9,12,14,16 	2
1,2,5,6,9,10,11,12,14,15 	1
1,2,5,6,7,10,13,14,15 	2
1,2,3,4,5,7,10,14,15,16 	7468
1,3,4,9,10,14,16 	1
1,2,5,6,9,10,11,12,14,18 	6
1,2,6,11,13,15,16,18 	1
1,2,4,6,7,9,10,14,15,16 	2
4,12,15,17 	13
1,2,9,12,14,15,16 	1
4,12,15,16 	123902
1,2,3,5,6,10,11,12,14,15 	1
3,4,15,16 	169903
1,6,9,10,11,14,18 	2
3,4,15,17 	2031
1,2,3,4,5,7,10,14,15,17 	78
1,2,6,10,12,14,15,16 	48
1,2,3,5,6,8,9,10,14 	1
1,2,7,9,10,16 	2
1,2,3,6,8,10,12,14,15,16 	3
1,2,7,9,10,11 	3
1,2,4,5,6,7,10,13,14,15,16 	3
1,2,7,8,10,14,15,16,17 	1
1,2,5,8,10,11,14,15,16 	2
1,2,6,9,10,11,13,14,15,16,18 	3
1,2,7,10,11,14,15,16 	12
1,2,3,12,14,15,16 	159
1,2,3,9,10,14,15,17 	2
1,2,3,9,10,14,15,16 	63
1,3,4,6,14,16 	40
1,2,3,10,13,15,16 	13
1,2,3,10,13,15,18 	3
1,2,3,4,6,14,16 	671
1,2,3,4,6,14,15 	3
1,2,5,7,10,12,15,16 	22
1,2,3,4,5,7,10,11,12,14,15 	3
1,5,9,14,18 	1
1,2,4,9,10,11 	8
2,3,7,12,15 	6
1,2,3,4,5,6,10,12,13,14,15,16 	2
1,2,4,9,10,18 	1
1,2,3,4,7,8,9,10,14,15,16 	10
1,2,4,10,13,14,15 	143
1,2,3,5,10,11,12,14,15,16 	16
1,2,3,6,8,10,11,13,14,15,16 	3
1,2,7,10,15,17 	2
1,2,7,10,15,16 	807
1,2,3,5,7,8,9,10,12,14,15,16 	3
1,2,3,5,6,7,10,11,13,14,15,16 	1
1,2,4,5,10,11,13,16,18 	5
1,2,5,8,9,10,11,13,18 	1
1,5,9,10,11,14 	1
1,2,3,4,6,7,9,10,11,12,13,14,15,16 	1
2,3,6,10,11,14,15,16 	1
1,2,4,6,7,10,12,15,16 	8
1,2,3,4,6,7,9,12,14,15,16 	7
1,2,3,6,9,10,12,14,15,16 	17
1,2,9,10,13,15 	1
1,2,9,10,13,14 	80
1,2,4,7,12,15 	3
1,2,3,6,12,14,15 	1
2,3,5,10,11,14,15,18 	1
1,2,3,7,10,11,15 	1
1,2,3,5,7,9,10,12,14,15,16,17 	24
1,2,4,7,10,12,14,15 	36
1,2,9,10,11,14,15,16,18 	1
1,2,3,4,5,6,7,10,11,12,13,14,15,16 	2
1,2,3,4,6,7,8,10,13,14,15,16 	1
1,2,11,15,16 	16
1,2,3,10,11,13,14,15 	4329
1,2,3,4,5,8,10,11,13,14,15,16 	1
1,2,3,10,11,13,14,18 	2
2,14,15,16 	130
1,2,7,13,15 	1
1,2,3,4,6,7,9,10,12,14,15,16 	48
1,2,3,4,6,7,9,10,11,13,14,15,16 	3
1,2,6,9,10,11,13,14,15 	4
1,2,6,9,10,11,13,14,16 	2
1,2,11,15,18 	3
1,2,6,9,10,11,13,14,18 	4
1,2,5,6,7,9,10,11,12,18 	1
1,2,3,8,10,12,13,14,15,16,17 	1
1,2,5,6,7,8,9,10,11,18 	1
1,2,3,4,5,6,9,10,14,15 	1
1,2,3,4,5,6,9,10,14,16 	2
1,2,4,6,7,9,10,11,14,15,16,18 	1
1,2,4,5,7,8,9,10,16,17 	1
1,3,8,10,14 	2
1,2,4,11,13,15,18 	1
1,2,5,9,10,11,14,15,16 	4
1,2,6,9,10,12,13,14,15,16 	4
1,2,3,7,9,10,14,15,16 	21
1,2,5,9,10,11,14,15,18 	1
1,2,3,4,7,8,9,10,11,12,14,15,16 	1
1,2,3,4,6,14 	11
1,6,8,10,14 	2
1,2,4,7,9,10,14,15 	2
1,2,4,5,6,8,10,12,14,15,16,17 	1
1,6,8,10,11 	1
1,2,4,6,8,9,10,13,14 	1
1,2,4,6,7,9,11,14,15,16,18 	1
1,2,3,6,10,14,15 	153
1,2,3,6,10,14,16 	69
1,2,7,12,15,16 	279
1,2,4,6,14,15,16 	1
1,2,3,8,10,11,14,15 	9
1,2,3,7,10,13,14,15,16,17 	3
1,2,5,6,7,9,10,11,14,15,16 	1
1,2,6,7,10,11,16,18 	1
1,2,5,6,7,9,10,11,14,15,18 	1
1,2,5,7,8,10,14,15,16 	3
1,3,4,5,6,14,16 	14
1,2,3,4,13,14,15,16 	6
1,2,7,12,14,15,16,17 	1
9,11,18 	7
1,2,3,8,10,11,13,14,15,16,18 	3
1,2,3,6,13,14 	15
1,2,3,5,9,10,11,12,14,15,16 	3
1,2,4,5,6,7,8,9,10,11,13,14,15,16 	3
1,2,3,4,6,7,9,10,11,13,14,15,16,18 	2
1,2,4,9,10,11,14,15,18 	1
1,2,4,9,10,11,14,15,16 	9
1,2,3,5,7,10,13,14,15 	6
1,2,11,13,14,18 	117
1,2,3,4,7,10,14,15,16 	29582
1,2,3,4,7,10,14,15,17 	228
1,3,13,14 	1
1,2,3,5,10,11,15,16,18 	2
1,2,10,13,15,16,18 	42
1,2,11,13,14,15 	15
1,2,3,5,8,10,11,14,15,16,18 	11
1,2,3,4,7,10,14,15,18 	1
1,2,5,7,10,16,17 	2
1,2,5,7,10,14,15,18 	1
1,2,5,7,10,14,15,16 	1394
1,2,5,7,10,14,15,17 	6
1,2,3,7,10,11,12,13,14,15,16 	1
1,2,3,4,5,7,10,13,14,15,16 	55
1,2,3,10,12,14,15,16,18 	2
1,2,3,10,12,14,15,16,17 	821
1,2,3,4,10,11,14,15,16,18 	353
1,2,6,7,16 	1
1,2,9,11,16 	1
1,2,3,4,9,10,12,13,14,15,16 	2
1,2,4,5,7,9,10,11,13,14,15,16,18 	1
1,2,10,14,15,18 	11
2,3,7,15 	5183
1,2,10,14,15,16 	59136
1,2,3,4,6,8,10,12,13,14,15,16 	2
1,2,10,14,15,17 	69
1,2,3,4,6,8,10,14,15 	6
1,2,3,4,6,8,10,14,16 	32
1,2,6,8,10,13,15,18 	1
1,2,3,10,11,13,14,15,16 	1652
1,2,9,11,13 	2
1,2,5,6,8,9,10,13,14 	1
1,2,3,10,11,13,14,15,18 	5768
1,2,9,11,14 	4
1,2,3,5,7,10,14,15,16,17 	688
1,2,4,5,6,10,11,14 	8
1,2,3,4,7,10,11,13,14,15 	69
1,2,4,5,6,10,11,13 	9
2,7,12,14,15,16 	1
1,2,8,10,12,15,16 	3
1,2,3,5,7,10,14,15,16,18 	1
1,2,3,4,8,12,14,15,16 	1
1,2,4,5,6,8,10,12,14,15,16 	2
1,2,5,8,10,12,14,15,16,17 	5
1,2,4,6,7,9,10,11,12,14,15,16,18 	4
1,2,5,10,14,16 	43
1,2,3,4,10,15,16 	1139
1,2,3,4,10,15,17 	7
1,2,5,10,14,15 	4620
1,3,4,6,10,12,14,16 	1
1,2,5,10,14,18 	904
1,2,5,10,14,17 	178
1,2,3,4,5,7,10,12,15,16 	10
1,2,4,6,11,13,14 	1
1,2,4,10,11,15,16,18 	16
1,2,4,9,11,13,14,15,16 	1
1,2,3,5,14,15,16,17 	2
2,3,7,12,15,17 	1
1,2,3,4,7,10,12,15,16 	1331
1,2,4,5,6,7,9,10,14,16 	1
2,3,7,12,15,16 	1546
1,2,3,4,7,10,12,15,17 	1
1,2,3,10,11,15 	65
4,15,16 	324341
1,2,3,10,11,14 	15
4,15,17 	670
1,2,3,4,7,8,14,15 	5
1,2,4,5,10,12,14,15,16 	621
1,2,4,6,7,10,11,13,15,16 	1
1,2,3,5,6,9,10,11,14,15,16,18 	3
1,3,4,6,11,14,16 	1
1,2,3,4,5,6,7,8,10,12,13,14,15,16 	2
1,5,6,9,10,11,13,14,15,16,18 	1
1,2,3,4,5,6,8,9,10,14,15,16 	3
1,3,5,14,16 	2
1,2,4,6,7,8,9,10,11,12,14,15,16,18 	5
1,2,5,6,8,9,10,11,13,14,15,16 	1
1,2,6,9,10,11,12,18 	1
1,2,4,5,6,7,8,9,10,12,14,15,16,17 	30
1,2,3,9,10,11,13,14 	1
1,2,3,4,7,8,10,11,12,14,15,16 	1
1,2,10,11,13,14,16,18 	2
1,5,9,11 	3
1,5,9,10 	1
1,2,3,6,11,14,15,16 	3
1,2,3,6,11,14,15,18 	1
1,2,3,13,14 	45
1,5,9,14 	80
1,2,3,4,5,8,10,12,14,15,16,17 	133
1,2,4,8,14,15 	7
1,2,4,8,14,16 	6
1,2,4,9,10,13,18 	1
1,2,4,5,7,8,10,15,16,17 	3
2,3,7,14,15,17 	2
2,3,7,14,15,16 	50
1,2,3,4,5,8,12,14,15,16 	1
1,2,5,10,12,14,15,17 	1
1,2,3,7,9,10,11,14,15,16 	1
1,2,5,10,12,14,15,16 	3419
2,5,10 	1
1,2,3,5,6,13,14,15,16 	2
2,4,14,16 	4
1,2,4,5,8,10,11,15,16 	1
1,2,3,4,10,11,15,16 	4
1,3,10,14,15 	3
1,3,10,14,16 	20
2,4,14,15 	45
1,2,6,7,10,15,16 	1
1,2,3,5,6,7,10,12,14,15,16 	20
1,2,4,5,6,8,10,11,13,14,15,16 	1
1,2,3,4,7,8,9,10,11,13,14,15,16,18 	1
2,15,16,17 	24
1,2,3,4,5,6,8,9,10,14,16 	3
1,2,3,4,9,16 	1
1,2,3,4,9,14 	1
1,2,4,5,7,10,11,13,15,16 	4
1,2,4,5,7,10,11,13,15,18 	1
1,2,4,10,11,12,15,16 	2
1,4,8,10,16 	1
1,2,3,5,6,9,10,14,15,16 	29
1,2,5,6,7,8,9,10,11,14,18 	1
1,2,3,4,7,15,16,17 	604
1,2,5,6,7,8,9,10,11,14,16 	1
1,2,3,4,5,10,13,14,15,16,17 	1
1,2,3,4,5,10,13,14,15,16,18 	1
1,2,10,12,15,16,18 	1
1,2,4,6,10,11,14,15,16 	4
1,2,10,12,15,16,17 	25
1,3,5,6,8,9,14 	3
1,2,4,6,9,10,11,14,18 	1
1,2,5,10,14,15,16 	18923
1,2,6,10,11,13,14,15,16,18 	16
1,2,5,10,14,15,17 	26
1,2,5,10,14,15,18 	2
1,2,4,7,9,10,11,13,16,18 	1
2,7,11,15,16 	1
1,2,3,4,7,12,15 	3
1,2,3,5,7,15,16 	1
2,4,12,15,16 	930
1,6,9,11,14,18 	4
1,2,3,5,10,13,14,15,18 	24
1,2,10,16,17 	3
1,2,10,16,18 	4
1,2,4,5,7,8,10,12,15,16 	7
1,2,3,4,5,7,14,15,16,17 	12
1,2,9,10,11,13,16,18 	2
1,2,3,5,10,13,14,15,17 	13
1,2,3,5,10,13,14,15,16 	145
1,2,7,10,11,13,16,18 	2
2,4,7,12,15 	12
1,2,5,6,9,11 	1
1,2,5,6,9,10 	3
1,2,3,4,5,8,9,10,11,14,15,16,18 	1
1,2,3,5,6,7,9,10,11,12,14,15,16,18 	1
1,2,5,9,10,11,13,14,15 	2
1,2,5,9,10,11,13,14,18 	2
1,2,5,6,9,14 	4
1,2,4,5,7,10,14,15,16,17 	72
1,2,3,4,7,9,10,12,14,15,16 	142
1,2,6,10,11,15,16,18 	11
1,2,6,7,9,10,13,14,16 	1
1,2,3,7,10,13,14,15,16 	34
1,2,4,6,8,9,10,11,13,14,18 	2
1,2,3,7,9,10,12,14,15,16 	31
1,2,3,4,5,6,10,14,16 	159
1,2,3,4,7,8,12,14,15,16,17 	2
1,2,3,4,5,6,10,14,15 	39
1,2,3,4,5,6,8,10,14,15 	4
1,2,4,5,7,9,10,12,13,14,15,16 	2
1,2,3,4,9,10,11,13,14,15 	6
1,2,3,4,5,6,8,10,14,16 	23
5,6 	8744
1,2,3,8,14,15,16,17 	1
1,2,5,9,10,13,14,15 	5
1,2,3,5,6,10,12,14,15 	2
1,2,3,5,6,10,12,14,16 	1
14,15 	10958
1,2,4,5,9,10,11,14,16 	1
1,2,4,5,9,10,11,14,15 	2
1,2,3,4,5,7,9,10,12,14,15,16 	190
1,2,3,5,8,9,10,11,14,15,16 	1
1,2,3,5,7,8,9,10,12,14,15 	1
1,2,3,4,8,10,14,15,16,17 	366
1,2,3,7,12,14,15 	2
1,2,3,11,15,16 	12
1,2,3,4,5,8,14,15,16 	15
1,2,5,8,10 	56
1,9,13,18 	9
1,2,6,10,15,16 	8
1,2,3,11,15,18 	3
1,2,3,5,10,11,12,14,15,16,18 	3
1,2,4,8,10,11,14,15,16 	1
1,3,5,10,14,15,16 	1
1,2,3,4,7,10,12,13,14,15,16 	45
1,2,3,4,7,14,15,16,17 	104
1,3,10,11,15 	6
1,2,3,9,11,14,15,16 	1
1,2,3,4,6,7,8,10,14,15,17 	2
1,2,3,4,6,7,8,10,14,15,16 	28
1,2,4,6,7,8,10,14,15 	1
1,2,3,4,7,14,15,16,18 	1
1,2,3,9,14 	5
1,2,4,5,10,11,15,16 	3
1,2,4,10,11,14,18 	118
1,2,4,10,11,14,16 	28
1,2,3,5,15,17 	1
1,2,4,5,10,11,15,18 	1
1,2,3,5,15,16 	3
1,2,4,10,11,14,15 	286
1,2,3,4,6,9,12,14,16 	2
1,2,4,5,9,10,12,13,14,15,16 	1
1,2,5,7,8,10,12,15,16 	1
1,2,3,4,6,8,9,14,16 	10
2,3,4,7,11,15,16 	5
1,14,18 	95
1,14,17 	17
1,2,10,12,15,16 	1591
1,2,4,7,11,14,15,16 	2
2,3,7,12,14,15,16,17 	4
1,2,4,5,6,7,8,9,10,11,13,14,15,16,18 	1
1,3,10 	58
1,2,3,5,6,10,11,13,15,16,18 	1
1,2,4,7,11,14,15,18 	1
1,3,14 	71
1,3,16 	16
1,3,15 	6
1,2,3,5,7,14,15,16,17 	2
1,2,4,5,7,10,11,15 	1
1,2,4,7,10,11,12,15,16 	4
1,2,6,10,12,14,16 	2
1,2,3,4,6,10,14,15,16,17 	17
1,2,6,11,13,14,15,16 	3
1,2,4,7,10,11,13,14 	2
1,2,3,4,7,8,10,11,14,15,16 	1
1,2,3,5,6,10,11,12,14,15,16,18 	1
1,2,4,7,10,11,15,16,18 	4
1,2,5,7,10,11,13 	1
1,2,4,15,17 	1
1,2,4,15,16 	788
1,2,4,5,10,11,12,15,16 	1
1,2,3,4,5,7,10,15,16 	6
1,2,3,8,10,11,14,15,16,18 	7
1,2,3,6,7,10,13,14,15,16 	1
1,2,3,8,9,10,11,14,15,16 	1
1,2,3,5,7,10,13,14,15,16,17 	2
1,2,4,7,10,12,14,15,17 	1
1,2,3,9,10,11,12,14,15,16 	3
1,2,4,7,10,12,14,15,16 	4533
1,2,3,7,12,15,16,17 	94
1,2,4,6,7,9,10,13,14,18 	1
1,2,5,10,11,13,16,18 	7
1,2,9,10,12,14,15,16 	58
1,2,4,6,11,13 	1
4,9,11,12 	1
1,2,4,5,6,10,11,13,15,16,18 	15
1,2,3,5,9,10,14,15 	30
1,2,4,12,14,16 	5
1,2,3,4,5,7,8,10,11,12,14,15,16 	2
2,3,10,14 	2
1,2,3,5,8,9,10,12,14,15,16,17 	1
1,2,5,8,17 	5
2,3,10,15 	1
1,2,5,6,10,11,13,14,15,18 	14
1,2,3,5,9,10,14 	1
1,2,5,6,10,11,13,14,15,16 	35
1,2,5,8,14 	154
1,2,3,7,8,9,10,14,15 	1
1,2,4,5,11,13,14 	1
1,2,4,5,10,14,15 	1162
1,2,4,5,10,14,16 	21
1,2,3,5,6,7,10,12,14,16 	2
3,4,12,15 	575
3,4,12,16 	462
1,2,4,5,9,10,14,15,16 	14
1,2,3,5,11,13,14,15,16,18 	3
1,2,5,7,10,11,13,16 	1
1,2,5,10,11,14,15,18 	40
1,2,4,5,6,13,15,16 	3
1,2,5,7,10,11,13,14 	1
1,2,5,10,11,14,15,16 	387
1,2,3,6,8,10 	2
1,2,5,7,10,11,13,18 	2
1,2,3,5,7,9,10,12,14,15,16 	60
1,4,10,14,16 	1
1,2,3,6,8,16 	1
1,2,4,5,6,10,14,15,16 	121
1,2,3,6,8,14 	37
1,2,4,5,6,10,11,14,15 	2
1,2,4,5,6,7,10,12,15,16,17 	10
1,2,4,5,6,10,11,14,18 	2
1,2,5,6,10,13,14,15 	13
1,2,5,6,10,13,14,16 	1
1,2,3,4,5,10,12,13,14,15,16 	9
1,2,7,10,12,13,14,15,16,17 	1
1,2,4,5,6,7,10,12,13,14,15,16 	1
1,3,4,10,12,16 	1
1,2,6,8,9,10,11 	1
1,2,3,4,7,10,12,13,15,16 	1
1,2,6,8,9,10,14 	3
1,2,5,6,7,8,10,12,14,15,16 	1
1,2,4,7,12,15,16 	537
1,2,5,6,10,13,14,17 	1
1,2,3,5,8,10,14,15,17 	48
1,2,4,5,6,8,9,10,11,14,15,16,18 	1
1,2,3,5,8,10,14,15,16 	339
1,2,5,6,7,9,10,11,13,14,15,16 	1
1,2,3,4,10,12,14,15,17 	3
1,2,3,4,10,12,14,15,16 	2494
1,2,4,5,6,7,8,10,14,15 	3
1,2,4,5,7,12,14,15,16 	1
1,3,11,14,15,18 	1
1,2,4,5,7,10,12,13,14,15,16 	13
1,2,8,15,16 	2
1,2,3,4,5,7,8,9,12,14,15,16 	1
1,2,6,7,8,9,10,11,13,14,15 	1
1,2,6,7,8,9,10,11,13,14,16 	1
1,2,4,5,6,10,13,15,16,18 	4
1,2,3,4,10,12,15,16,17 	135
1,2,3,4,6,9,10,13,14,15,16 	1
1,4,6,9,14,16 	1
1,2,3,6,10,11,15 	1
1,2,3,6,10,11,14 	1
1,2,5,9,10,11 	19
3,11,14 	5467
3,11,15 	13664
1,2,7,10,11,14,18 	1
1,2,7,10,11,14,15 	20
2,3,14,15,16 	158
1,2,5,9,10,15 	1
1,2,5,9,10,14 	494
1,2,3,6,8,9,10,11,13,14,15,16 	3
1,2,5,9,10,13 	4
2,3,14,15,17 	16
1,2,7,8,9,10,13,16,18 	1
1,2,6,13,14,15,16 	2
1,2,5,6,11,18 	7
1,2,5,7,8,10,12,14,15,16 	12
1,2,12,13,15,16 	14
1,2,3,10,12,14,15 	33
1,2,3,4,6,7,10,12,14,15,16 	145
1,2,3,10,12,14,16 	7
1,2,4,5,6,7,10,13,14,15 	3
1,2,5,6,11,13 	1
1,2,5,6,11,14 	8
1,2,3,6,8,10,14,15,16 	9
1,2,3,6,8,10,14,15,17 	1
1,2,4,6,10,13,14,15 	12
1,2,6,9,10,13,14 	4
1,2,4,6,10,13,14,16 	1
1,11,12 	1
1,2,3,4,8,14,15,16 	69
1,2,3,4,5,7,10,11,12,13,14,15,16 	2
1,11,13 	11293
1,11,14 	271
1,2,3,4,5,6,9,10,14,15,16 	3
1,2,4,6,7,8,9,10,14,15,16,17 	1
1,11,18 	1069
1,2,3,4,5,6,8,9,10,11,14,15 	1
1,2,5,7,10,15,16,17 	7
1,2,5,6,8,9,11,14,18 	1
1,5,6,10,13 	2
1,5,6,10,11 	7
1,2,10,13,14,15 	932
1,2,3,4,5,11,14,15,16 	1
1,2,3,4,5,9,10,12,13,14,15,16,17 	1
1,5,6,10,14 	79
1,2,4,7,8,10,12,14,15,16,17 	3
1,2,10,13,14,18 	714
1,2,10,13,14,17 	66
3,14,15,16 	2
1,2,10,13,14,16 	10
1,6,8,9 	3
15,16,17 	1072
1,2,4,8,9,11,14,16 	1
1,2,3,9,14,15,16 	2
1,2,3,4,6,7,10,11,14,15,16,18 	5
1,2,3,4,5,6,10,11,12,13,14,15,16 	3
1,2,3,4,5,7,10,12,13,14,15,16,17 	13
1,2,3,5,6,8,10,12,13,14,15,16,17 	2
1,2,3,5,6,8,10,13,14,15,16 	1
1,2,10,13,14,15,18 	1
1,2,3,4,5,6,7,8,10,14,15,16,17 	137
2,5,10,11,14,18 	1
1,2,3,4,5,6,7,9,10,14,15,16,18 	1
1,2,3,4,5,6,7,9,10,14,15,16,17 	26
1,2,3,5,6,9,10,13,14,15,16 	1
1,2,10,13,14,15,16 	1019
1,2,10,13,14,15,17 	3
1,5,9 	1
1,2,5,7,8,9,10,13 	1
1,5,8 	257
1,2,3,4,5,9,10,11,13,14,15,16,18 	6
1,5,6 	1049
1,2,11,14,15,16,18 	8
1,2,4,7,10,11,13,16,18 	1
1,2,6,10,13,15,16 	4
1,2,6,10,13,15,18 	2
2,5,10,11,14,15 	1
1,2,3,4,7,8,9,10,12,14,15,16,17 	52
1,2,3,7,10,12,15,16,17 	102
1,2,3,5,6,7,10,14,16 	1
1,2,3,5,6,7,10,14,15 	8
1,2,3,4,5,6,7,10,11,14,15,16,18 	3
1,2,3,5,6,14 	248
1,6,9,17 	7
1,6,9,18 	2
3,12,14,15,16 	3
1,2,3,5,6,10 	4
1,2,3,4,5,6,7,10,13,14,15,16 	11
1,2,3,5,6,8,10,11,13,14,15,16,18 	6
1,2,4,5,6,9,10,13,14,15,16 	2
1,2,4,8,9,14,16 	1
1,2,4,9,10,12,14,15,16 	2
1,6,9,10 	2
1,6,9,11 	19
1,6,9,13 	3
1,6,9,14 	44
1,2,3,11,13,14,15,16 	35
8,10,11 	1
1,2,3,5,6,9,10,11,13,14,15,16,18 	3
1,2,3,11,13,14,15,18 	26
1,2,4,10,11,13,14,16,18 	3
1,2,5,7,8,10,11,14,15 	1
8,10,14 	13372
2,3,4,7,12,14,15,16 	33
1,2,3,4,5,6,8,9,10,11,13,14,15,16,18 	5
1,2,3,6,9,14,15,16 	1
6,10,11,13 	1
1,2,5,8,9,10,11,18 	1
1,2,3,6,7,9,10,12,14,15,16 	5
1,2,3,12,14,15,16,17 	13
1,2,5,8,9,10,11,13 	3
4,11 	14
1,2,4,5,6,7,10,14,16 	10
1,3,5,11,15 	2
4,14 	42845
4,15 	1093455
4,16 	89069
6,9,11 	2
1,2,6,7,8,9,10,11,18 	1
1,2,3,6,9,10,14 	1
2,8,14 	34
1,2,5,9,10,12,13,14,15,16 	15
1,3,4,6,8,14,16 	5
1,2,6,7,8,9,10,11,13 	1
1,2,5,10,11,16,18 	1
1,2,3,4,5,9,10,11,14,15,16,18 	1
2,8,10 	1
1,2,8,10,13,14 	21
2,4,12,15,16,17 	10
1,2,3,4,5,7,10,11,13,14,15,16,18 	14
1,2,3,6,8,9,14,16 	10
1,2,3,5,7,10,12,13,14,15,16 	14
1,2,4,5,6,7,10,14,15 	5
1,2,4,5,6,7,9,10,11,13,14,15,16,18 	1
1,2,3,4,5,6,9,10,11,14,15,16,18 	4
1,2,4,6,7,10,13,14,15,16 	1
1,2,8,14 	1154
1,2,3,6,7,9,10,12,14,15,16,17 	3
1,2,8,16 	1
1,2,5,11,13,18 	10
1,2,8,17 	5
1,2,4,6,7,9,10,12,14,15,16 	11
1,2,8,10 	167
1,2,8,13 	1
1,2,3,4,6,9,10,11,14,15,16,18 	21
1,2,3,5,6,7,10,11,13,14,15,16,18 	1
1,2,3,5,6,8,9,10,11,13,14,15,16,18 	2
1,2,8,10,12,13,14,15,16 	8
1,2,5,11,13,15 	1
1,2,5,11,13,14 	134
1,2,3,7,10,12,14,15 	16
1,2,3,7,10,12,14,16 	2
2,7,10,14,15 	1
1,2,5,7,9,10,11,13,16 	1
1,2,5,6,7,8,9,10,13,14,15,16 	1
1,2,3,8,9,10,14,15,16 	1
1,2,4,6,8,12,16 	1
1,2,4,10,12,13,14,15,16 	13
1,2,3,6,8,9,10,11,14,15,16 	1
1,2,7,14,15,16,17 	1
1,2,3,6,7,8,10,14,15,16 	4
1,2,5,6,14,16 	11
1,2,5,7,8,9,10,11,13 	1
1,2,5,6,14,17 	2
1,2,4,5,6,7,9,10,11,13,14,15 	1
1,2,3,5,6,8,9,14,15,16 	1
1,2,4,5,6,7,9,10,11,13,14,16 	2
1,2,4,10,11,14 	529
1,2,4,10,11,13 	28
1,2,4,5,6,7,10,11,13,14,16,18 	1
1,5,6,9,10,11,13,14,15 	1
1,2,6,7,10,14 	6
1,2,3,6,7,10,12,13,14,15,16 	1
1,2,5,6,8,10,11,14 	4
1,2,4,10,11,18 	3
1,2,3,4,5,10,14,15,16,18 	2
1,2,4,10,11,16 	6
1,2,3,4,5,10,14,15,16,17 	810
1,2,4,10,11,15 	24
1,2,3,5,8,14,15 	3
1,2,3,5,8,14,16 	3
1,2,3,4,5,6,7,9,10,14,15,16 	11
1,2,10,11,12,13,14,15,16,18 	1
1,2,3,5,6,10,11,13,15,16 	1
1,2,5,9,10,13,14,15,16,17 	1
1,2,4,5,6,9,10,11,13,14,16,18 	2
1,2,3,5,6,8,9,10,11,12,13,14,15,16 	1
1,2,4,6,10,11,13,15,16,18 	5
1,3,6,9,14 	14
1,2,7,9,10,14,15 	2
1,2,5,6,8 	13
1,2,3,4,5,6,7,10,12,14,16 	27
1,2,3,4,5,6,7,9,10,11,14,15,16,18 	2
1,2,3,9,10,13,14,15,16 	5
1,3,5,6,10,14,16 	2
1,2,5,6,7,9,10,11,13,16,18 	4
2,3,7,15,16,17 	4607
1,2,3,5,7,9,10,11,14,15 	2
1,2,5,6,10,13,15 	1
1,2,5,6,10,13,14 	367
1,2,5,6,10,13,18 	6
1,5,6,8 	27
1,2,3,4,5,6,8,12,14,16 	9
1,2,9,10,11,15,16 	2
1,2,3,5,6,8,9,10,11,14,15,18 	1
1,2,8,10,15,16,17 	2
1,2,3,4,5,7,10,11,14,15,16,18 	2
1,2,3,4,6,12,14,16 	94
1,2,4,6,10,12,15 	1
3,4,12,14,15,16 	2
1,2,3,6,7,10,14,15 	4
1,2,7,8,10,12,14,15,16,17 	2
1,2,3,6,7,10,12,15,16,18 	1
1,2,4,6,10,12,16 	1
1,5,10,13 	11
1,2,3,4,5,7,10,11,14,15 	9
1,5,10,14 	3532
1,5,10,11 	124
1,2,3,4,5,7,8,10,12,14,15,16 	201
1,2,4,7,15,16 	747
1,2,3,6,7,10,14 	1
1,2,4,7,15,17 	1
1,2,3,4,13,14,15 	4
1,2,3,7,10,14,15 	1724
1,2,3,4,13,14,16 	42
1,2,3,7,10,14,16 	1
1,2,4,5,6,9,10,12,13,14,15,16 	2
1,2,4,7,8,12,14,15,16 	1
1,2,4,6,7,10,15,16 	4
1,10,14,18 	48
1,3,11,15,18 	49
1,2,3,4,6,10,13,15,16 	1
1,3,11,15,16 	1
1,2,4,9,10,11,13,16,18 	2
1,2,3,4,6,7,8,10,12,13,14,15,16 	2
1,10,14,17 	4
1,2,7,10,11,12,13,14,15,16 	1
1,2,3,5,6,9,10,14 	2
1,10,14,15 	1
1,2,3,10,12,13,14,15 	2
1,5,10,17 	2
1,2,4,5,10,11,13,14,16,18 	3
1,5,10,18 	9
1,2,5,6,7,8,9,10,11,12,14,18 	1
1,2,14,15 	872
1,2,4,7,9,10,12,14,15,16 	35
1,2,14,16 	53
1,2,14,17 	20
1,2,14,18 	149
1,2,3,4,5,15,16 	2
1,2,3,4,11,14,15 	5
1,2,3,10,11,14,15,18 	3685
1,2,3,10,11,14,15,16 	2662
1,2,3,4,6,10,14,15 	48
1,2,3,4,6,10,14,16 	190
2,3,4,7,12,15 	9
1,2,6,10,12,14 	1
1,2,4,5,7,8,10,14,15,16 	79
1,2,6,10,12,13,14,15,16 	2
1,2,3,4,10,12,14,15 	26
1,2,6,7,10,14,15,16 	5
1,2,3,4,10,12,14,16 	77
1,2,3,5,9,10,11,14 	1
1,2,3,6,9,10,12,13,14,15,16 	1
1,2,3,4,7,10,13,14,15 	13
1,2,3,6,9,10,13,14,15,16 	1
6,8,10,11 	1
1,2,3,4,5,7,10,13,14,15 	8
1,2,10,11,12,14,15 	2
1,2,3,4,5,10,11,12,13,14,15,16,18 	2
1,2,3,4,7,10,11,14,15 	63
1,2,5,6,10,11,13,14,15 	21
1,2,5,6,10,11,13,14,18 	89
1,2,3,5,10,11,12,13,14,15 	1
1,2,3,6,7,8,10,12,14,15,16 	1
1,2,4,5,6,8,10,15,16,17 	2
1,2,3,5,6,8,10,12,13,14,15,16 	3
1,2,3,4,7,15,16 	2195
1,9,10,14 	30
1,2,3,4,7,15,17 	17
1,2,9,10,12,13,14,15,16,17 	1
1,2,3,4,5,6,7,12,14,15,16 	1
1,2,6,7,9,11,14,15,16,18 	1
3,4,11,15,16 	33
1,2,4,7,8,10,12,14,15,16 	17
1,2,4,7,10,12,13,14,15,16 	18
1,2,3,6,16 	4
1,2,5,6,8,10,11 	1
1,2,5,8,10,14,17 	5
1,2,5,8,10,14,18 	1
1,2,5,8,10,14,15 	241
1,2,3,6,10 	8
1,2,5,6,8,10,17 	1
3,12,15,17 	60
1,2,3,6,14 	472
3,12,15,16 	74115
1,2,4,5,7,9,10,12,14,15 	1
1,2,5,6,8,10,13 	1
1,2,5,6,8,10,14 	67
2,7,12,15,16,17 	4
3,4,12,14,15,16,17 	5
1,2,3,4,5,8,10,12,13,14,15,16,17 	1
1,9,10,11 	1
1,2,5,10,11,13,15,16,18 	99
1,2,3,4,5,6,7,8,9,10,11,14,15,16,18 	1
1,2,4,5,6,7,9,10,11,14,15,16,18 	7
1,2,4,12,15 	1
1,2,4,10,13,14,15,16,17 	2
1,2,4,12,16 	2
1,2,3,7,12,15 	1
2,4,15 	11389
2,4,16 	106
2,4,14 	8
1,2,3,4,5,6,9,10,11,12,14,15 	1
2,4,11 	60
1,2,4,5,6,7,8,10,15,16 	1
1,2,5,10,11,13,14,15,16,18 	325
1,2,3,4,10,12,13,14,15 	2
1,2,3,4,6,10,12,14,15,16,17 	7
1,2,3,5,7,10,12,13,15 	1
1,2,5,6,8,9,10,13 	1
1,2,5,6,8,9,10,14 	1
1,2,3,5,12,14,15,16 	1
1,2,4,9,10,11,13,14,15,16,18 	1
1,2,4,5,6,10,11,14,15,16,18 	3
2,4,7,11,15 	3
1,2,5,9,10,13,14,15,16 	46
1,2,3,5,8,10,11,14,15,16 	2
1,2,3,4,7,10,15,16,18 	1
1,2,5,6,9,10,11,12,14,15,16 	1
1,2,3,9,12,14,15,16 	2
1,2,3,5,8,10,11,14,15,18 	4
1,2,6,10,12,13,15,16 	2
1,2,5,11,18 	92
1,2,3,4,7,10,15,16,17 	393
1,2,3,5,6,9,10,14,15 	14
1,2,5,11,14 	265
1,2,3,5,6,9,10,14,16 	1
1,2,5,11,13 	31
6,8 	8
1,2,5,6,8,10,11,13,14,18 	1
1,2,4,5,6,7,10,11,13,14,15,16,18 	1
1,2,4,7,8,10,16 	2
1,2,6,9,11,14,18 	1
1,2,4,5,8,10,12,14,15,16,17 	6
1,2,6,7,10,14,16 	2
1,2,4,7,8,10,15 	2
1,2,10 	476785
1,2,11 	6188
1,2,13 	34756
1,2,3,5,6,8,9,10,14,15,16 	1
1,2,14 	464864
1,2,15 	3099
1,2,16 	62
1,2,4,7,10,11,12,14,15,16,18 	1
1,2,17 	113
1,2,3,4,5,7,9,10,12,13,14,15,16,17 	4
1,2,18 	211
1,2,5,10,11,13,14 	8441
1,2,5,10,11,13,15 	84
1,2,9,10,11,13,16 	2
1,2,5,10,11,13,16 	7
1,2,9,10,11,13,18 	14
1,2,5,10,11,13,18 	1156
1,3,4,10,14 	2
1,2,9,10,11,13,14 	44
1,2,6,7,9,10,12,14,15,16 	1
2,10,14,15,16 	2
1,3,4,10,16 	6
1,2,3,4,5,10,11,12,14,15,16 	7
1,2,5,6,9,10,14,15 	9
1,2,4,5,6,8,10,14,15,16 	9
1,2,5,6,10,11,13,16,18 	3
1,2,5,7,9,10,11,16 	3
1,2,4,7,10,13,15,18 	1
1,2,4,5,6,10,12,13,14,15,16 	1
2,5,10,14 	7
1,2,3,4,5,6,7,8,9,10,12,14,15,16 	33
1,2,3,4,5,6,10,14,15,16,17 	36
1,2,5,6,10,11,16,18 	1
1,2,5,7,9,10,11,13 	2
1,2,3,7,8,9,10,14,15,16 	2
1,2,4,7,10,13,15,16 	10
1,2,4,7,10,13,15,17 	1
1,2,3,5,10,11,13,14,18 	2
1,2,6,8,10,14,15,16 	5
1,2,3,5,10,11,13,14,15 	1016
1,2,4,7,10,11,14,15 	100
1,2,3,9,10,14,15 	24
1,2,5,8,10,12,13,15,16 	1
1,2,3,6,11,13,14,15 	1
1,2,5,6,8,10,12,13,14,15,16 	1
1,2,3,5,6,11,13,14,15 	2
1,3,9,10,14 	1
1,3,5,6,14,16 	7
1,2,3,4,6,7,10,11,12,14,15,16,18 	3
1,2,3,5,7,10,12,14,15,16 	1370
1,2,3,4,5,6,10,11,12,14,15,16 	1
1,2,4,7,9,10,13,14,15,16 	1
1,2,3,4,6,7,12,14,15,16 	10
1,2,4,5,10,12,14,15,16,17 	18
1,2,5,9,10,11,14,15 	4
1,2,5,7,8,10,14,15 	2
1,2,3,5,10,12,13,14,15,16 	93
1,2,3,9,14,15 	1
1,2,3,8,10,14,15,16,17 	86
1,2,3,9,14,16 	5
1,2,6,10,11,12,13,15,16,18 	1
1,2,4,6,9,11,13 	1
1,2,3,5,6,10,14 	201
1,2,3,4,13,15,16,17 	2
1,6,8,9,11,13 	1
1,2,5,9,10,11,14,18 	2
1,6,8,9,11,18 	2
1,2,3,6,11,13,14,15,16,18 	1
1,2,3,4,5,7,10,14,16 	16
1,2,4,6,12,16 	1
1,2,3,4,5,9,12,14,15,16 	1
1,2,3,5,7,9,10,14,15,16,17 	6
1,2,3,4,5,7,10,14,15 	473
1,2,4,8,9,10,16 	1
2,3,4,12,14,16 	15
1,2,4,6,9,11,14,15,16 	1
1,2,4,7,10,13,14,15,16,17 	1
1,2,3,4,6,7,8,14,15,16 	3
2,3,4,5,7,10,14,15,16 	1
1,2,6,9,10,12,14,15,16 	17
1,2,4,5,10,15,16 	47
1,2,4,5,10,15,18 	2
1,2,3,4,5,6,7,9,10,11,14,15,16 	8
1,2,4,5,7,8,10,12,14,15,16,17 	8
1,2,6,9,10,11 	15
1,2,3,6,9,14,16 	6
1,2,3,4,5,9,10,12,14,15,16 	24
1,2,3,5,6,10,13,14,15,16,17 	1
1,2,8,9,10,11,14,15,16 	1
1,2,4,11,14,15,16 	9
1,2,4,5,6,9,10,11,13 	6
1,2,4,5,6,9,10,11,14 	1
1,2,4,5,7,9,10,12,14,15,16 	29
1,3,5,6,14 	22
1,3,4,8,10,14 	2
1,3,5,6,17 	1
1,3,5,6,10 	3
1,2,6,9,10,14 	120
1,2,6,9,10,13 	3
1,2,5,9,10,11,14,15,16,18 	1
1,2,3,4,5,6,7,8,9,10,12,13,14,15,16,17 	5
1,2,3,5,7,10,11,12,14,15,16,18 	1
1,5,6,9,14 	21
1,2,6,10,11,15,18 	1
1,2,8,10,12,14,15,16 	101
1,5,6,9,11 	1
1,2,4,6,7,10,14,15,16,17 	2
1,2,6,10,11,15,16 	7
1,2,3,4,5,6,9,10,11,14,15,16 	1
1,2,3,4,5,6,11,13,14,15,16 	1
1,10,11,14,18 	4
1,2,3,4,5,9,10,11,14,15 	6
2,12,15 	8
1,6,9,14,17 	1
1,2,5,10,11,12,15,16,18 	1
1,2,4,6,8,9,10,11,14,15 	1
1,2,4,6,8,9,10,11,14,18 	1
1,2,4,6,8,9,10,14,16 	1
1,2,5,6,7,9,10,11,14 	2
1,2,5,6,7,9,10,11,18 	3
1,2,3,4,7,9,12,14,15,16 	2
1,2,5,11,13,14,15,16 	3
1,2,5,6,10,14,15,16 	270
1,2,4,5,6,7,8,10,14,15,16 	2
1,2,3,6,10,11,12,13,14,15,16 	1
1,2,3,4,7,8,10,13,14,15,16,17 	1
1,2,6,7,10,11,12,15,16 	1
1,2,5,9,10,13,15,16 	1
1,14 	173832
1,2,3,4,6,8,10,14,15,16 	69
1,12 	1
1,2,3,4,5,7,9,10,11,14,15,16 	3
1,13 	1475
1,10 	212004
1,2,5,8,10,11,13,14,15,16,18 	1
1,11 	13695
1,2,5,6,8,9,10,11,12,14,18 	1
1,2,3,4,7,11,12,14,15 	1
1,5,6,13,14 	1
1,2,3,6,7,10,11,14,15,16 	6
1,2,5,6,7,10,11,14,15,16 	1
1,3,6,11,15,18 	1
1,3,6,11,15,16 	1
1,9,10,14,15,16 	1
1,2,4,7,12,14,15,16 	70
1,2,7,12,15,16,17 	6
1,2,3,4,5,6,7,8,10,14,15 	2
1,2,3,4,5,6,7,9,10,11,13,14,15,16 	3
1,2,3,14,15,18 	3
1,2,4,7,10,14,15,16,18 	1
1,2,3,4,5,6,8,9,10,11,14,15,16 	1
1,2,4,7,10,14,15,16,17 	109
1,2,3,14,15,16 	1126
1,2,4,9,10,11,13,14,15,16 	5
1,2,3,14,15,17 	14
1,2,3,5,9,10,11,13,14,15 	9
1,2,3,10,12,15,16 	610
1,4,5,6,14,16 	2
1,2,3,6,10,14,15,16 	107
1,2,3,6,10,14,15,17 	3
1,2,5,6,8,9,10,11,13,14 	4
1,2,3,10,12,15,17 	1
1,2,3,6,10,14,15,18 	1
1,18 	4896
1,16 	4
1,2,5,10,13,15,16,18 	39
1,17 	2654
1,2,3,4,5,6,8,10,13,14,15,16 	1
1,2,7,10,12,15,16 	481
1,2,4,11,13,14 	10
1,2,4,11,13,15 	1
1,2,5,6,8,9,10,11,13,18 	3
1,2,4,5,6,7,8,9,10,11,12,18 	1
1,2,3,4,7,10,11,12,13,14,15,16,18 	2
1,2,3,4,5,6,7,8,10,13,14,15,16 	3
1,2,3,4,8,15 	2
1,2,3,4,8,16 	1
1,2,6,8,9,14 	6
1,2,5,6,7,10,14,15,16 	11
3,10,14 	4
1,2,3,4,7,9,10,11,14,15 	2
1,2,4,5,6,8,10,14,15 	1
1,2,5,6,8,10,11,13,14,15,16,18 	2
1,2,4,5,6,8,10,14,16 	1
1,2,10,11,13,14,15,16,18 	276
1,2,3,4,5,10,16 	2
1,2,3,4,5,10,14 	5
1,2,5,10,11,12,15,16 	1
1,2,3,4,5,6,7,8,9,10,11,13,14,15,16 	1
1,2,4,5,6,10,12,15,16 	1
1,2,5,6,7,9,10,12,14,15,16 	3
1,2,4,7,9,10,11,13,15,16 	1
1,2,4,5,6,8,14,16 	1
1,2,4,5,7,10,14,15 	422
1,2,3,5,10,15,16,18 	2
1,2,3,5,10,15,16,17 	2
1,2,3,4,6,7,8,9,10,12,13,14,15,16,17 	3
1,2,4,5,7,10,14,16 	13
1,2,3,5,9,10,11,13,14,15,16,18 	4
1,2,5,6,9,11,14,16,18 	1
1,2,3,4,7,9,10,11,14,15,16 	3
1,2,3,5,10,15,16 	10
1,2,3,5,7,8,10,12,13,14,15,16 	1
1,2,3,6,8,14,15,16 	1
1,2,3,5,9,10,11,14,15 	10
1,2,3,4,5,11,13,14,15,16 	2
1,2,5,6,10,12,14,16 	3
1,2,3,4,6,7,10,14,15 	18
1,2,3,5,13,14,16 	1
1,2,3,5,13,14,15 	5
1,2,3,4,6,7,10,14,16 	9
1,2,3,7,10,12,13,14,15,16,17 	4
1,2,3,12,15,16,17 	103
1,2,5,6,10,11,13,14,16,18 	1
1,2,3,5,6,7,9,10,12,14,15,16 	11
1,2,4,5,8,10,14,15,16,17 	4
1,2,6,8,10,11,13,15,16 	1
1,2,3,4,8,10,12,14,15,17 	1
1,2,3,4,8,10,12,14,15,16 	119
1,2,3,4,7,11,14,15,16 	4
1,2,3,6,7,9,10,11,12,14,15,16,18 	1
1,2,3,6,7,10,12,14,15,16 	12
1,3,6,14,16 	13
1,2,3,5,6,9,14 	3
1,2,7,15,17 	1
1,2,7,15,16 	564
1,2,3,4,6,7,9,10,11,12,14,15,16 	28
1,2,4,6,7,10 	1
1,2,3,4,14,15,17 	5
1,2,9,13,14 	1
1,2,3,4,14,15,16 	451
1,2,4,10,14,15,16,17 	62
1,2,4,6,9,10,11,13,14,16,18 	1
1,2,3,6,8,10,11,13,14,15,16,18 	2
1,2,4,5,7,10,12,14,16 	1
2,4,12,15 	5
1,2,4,5,7,10,12,14,15 	12
2,4,12,16 	3
1,2,4,6,8,9,10,11,16 	1
1,2,5,6,7,9,10,14,16 	4
1,2,4,6,8,9,10,11,14 	1
1,2,4,6,8,9,10,11,18 	1
1,2,3,4,5,6,8,9,10,11,14,15,16,18 	2
1,2,8,10,14,17 	6
1,2,8,10,14,15 	204
1,2,5,11,13,14,18 	146
2,3,4,12,14,15,16,17 	11
1,2,5,11,13,14,15 	3
1,2,6,10,13,15,16,18 	4
2,3,4,14,15,17 	2
1,2,3,4,6,8,10,12,14,15,16 	25
1,2,9,10,11,14,15,18 	2
1,2,9,10,11,14,15,16 	174
1,2,5,10,14,15,16,18 	6
1,2,4,5,6,8,9,10,11,14,18 	5
1,2,5,10,14,15,16,17 	125
1,2,7,9,10,12,14,15,16 	23
1,2,3,6,9,10,11,12,14,15,16 	2
1,2,5,7,10,13,15,16,18 	1
1,3,4,5,6,12,16 	2
1,2,3,4,5,6,7,10,13,14,15,16,17 	3
1,2,3,5,6,10,11,13,14 	2
2,3,4,14,15,16 	71
1,2,4,13,14 	1
1,2,4,13,15 	22
1,2,3,4,5,8,10,15 	1
1,2,5,6,9,11,14 	1
1,2,3,12,13,14,15,16 	1
1,2,3,4,5,7,12,15,16 	2
1,2,4,5,8,10,14,15 	104
2,15,16 	56733
2,15,17 	25
1,2,3,4,5,9,10,13,14,15,16 	4
1,5,13,14 	2
1,2,3,4,5,6,14,16 	355
1,2,4,12,14,15,16 	26
2,7,14,15 	10
1,5,10,13,14 	25
1,2,5,7,10,14,15 	308
1,2,4,5,6,7,10,12,14,15,16,17 	16
1,2,3,4,6,7,10,11,12,14,15,16 	18
1,2,5,7,10,14,16 	3
1,2,7,10,12,14,15,16 	2473
1,6,8 	107
1,2,7,10,12,14,15,17 	1
1,2,5,6,8,9,10,11,14,15,18 	2
1,2,4,6,7,10,14,15 	4
1,2,5,6,8,9,10,11,14,15,16 	3
1,2,4,6,7,10,14,16 	19
1,6,9 	33
2,3,15,16,17 	5064
1,2,4,5,7,8,9,10,12,14,15,16,17 	7
1,2,3,4,6,9,10,12,14,15,16 	13
1,2,9,10,11,16,18 	12
1,2,4,5,7,8,10,12,14,15,16 	33
1,2,3,6,10,11,13,14 	1
1,2,3,6,10,11,13,15 	1
1,2,4,5,6,10,16 	3
1,2,4,5,6,10,14 	6
1,2,3,6,9,10,11,13,14,15,18 	1
1,2,3,6,9,10,11,13,14,15,16 	8
1,2,4,5,6,10,13 	1
1,2,3,4,5,6,8,10,11,14,15 	1
1,2,3,4,5,7,9,10,11,12,14,15 	1
1,2,3,4,6,7,8,10,14,15,16,17 	53
1,2,3,4,8,10,13,14,16 	1
1,2,3,4,8,10,13,14,15 	1
1,2,5,10,12,14 	2
1,2,3,4,5,10,14,16 	153
1,2,3,4,5,10,14,15 	598
1,2,3,4,5,6,7,8,9,12,14,15,16 	1
1,2,4,5,6,7,10,15,16,17 	4
1,2,3,4,5,7,8,9,10,14,15,16 	5
1,2,5,8,10,11,18 	1
1,2,5,8,10,11,13 	2
1,2,3,5,6,8,10,11,13,14,15,16 	2
1,2,3,5,6,8,10,11,13,14,15,18 	8
1,2,5,8,10,11,14 	20
1,2,5,7,10,11,13,14,15,16 	2
1,2,3,4,5,6,8,10,12,14,15,16,17 	27
1,2,4,5,13,14,15 	1
1,2,4,8,10,14,15 	103
1,2,5,7,10,11,13,14,15,18 	1
1,2,4,8,10,14,16 	2
1,2,3,13,14,15,18 	1
1,2,10,12,13,14,15,16 	295
1,2,3,13,14,15,16 	40
2,10,12,14,15,16 	1
1,2,6,7,9,10,16 	1
1,2,6,7,9,10,14 	2
1,2,3,4,7,10,12,15,16,17 	601
1,2,5,10,11,14,16,18 	1
1,2,3,4,6,7,11,12,14,15,16 	1
1,3,15,16 	1
1,2,4,5,6,7,10,12,13,15,16 	1
1,2,6,9,10,12,14,15,16,17 	1
1,2,3,4,6,7,8,10,11,13,14,15,16,18 	1
1,2,3,4,5,6,7,9,12,14,15,16 	1
3,4,12,15,16,17 	20090
1,2,4,5,7,8,10,14,15 	18
1,9,11,12,18 	3
1,2,3,5,6,10,13,14,15,16 	32
1,2,3,5,6,10,13,14,15,18 	2
1,2,3,5,10,11,14,18 	1
1,2,3,7,8,10,12,14,15,16,17 	15
1,2,3,4,7,8,14,15,16,17 	2
1,2,3,5,10,11,14,15 	990
1,2,5,6,8,10,14,15 	4
1,2,4,9,10,11,16 	2
1,2,5,6,8,10,14,17 	1
1,2,4,9,10,11,18 	12
1,2,6,7,10,12,15,16,17 	2
1,2,4,9,10,11,13 	11
1,2,4,9,10,11,14 	6
1,2,3,4,12,15,16,17 	164
1,2,4,8,9,10,13,18 	1
1,2,3,4,5,6,8,10,11,13,14,15,16,18 	2
1,2,4,5,6,7,8,9,10,14,16,17 	1
2,7,14 	1
1,2,5,7,9,10,11,13,16,18 	1
2,7,15 	4505
2,7,16 	200
1,2,4,10,15,16,17 	56
1,2,4,10,15,16,18 	1
1,2,3,4,8,14,15 	27
1,2,5,7,10,11,12,15,16 	1
1,2,7,10,11,14,15,16,18 	1
1,2,3,4,10,11,13,14,15 	1101
1,2,3,4,8,14,16 	92
1,2,3,4,5,7,10,12,14,15,16,18 	6
1,2,3,4,5,7,10,12,14,15,16,17 	6701
1,2,5,6,10,12,14,15,16,17 	2
1,2,8,10,11,12,14,15,16 	1
1,4,6,16 	1
1,2,3,5,8,10,12,14,15,16 	68
1,2,3,5,9,10,13,14,15,16,17 	1
1,2,3,10,13,14 	184
1,2,3,10,13,15 	24
1,2,3,4,10,11,12,14,15 	1
1,2,5,6,9,10,11,18 	11
1,2,3,4,7,10,13,15,16 	2
1,2,4,5,6,7,9,10,11,12,14,15,16,18 	1
1,2,4,10,11,13,16,18 	1
1,2,4,5,7,9,10,11,13 	1
14,15,16 	8
1,2,5,6,9,10,11,13 	11
1,11,13,18 	259
1,2,5,6,9,10,11,14 	19
1,2,3,4,6,7,10,13,14,15,16 	3
1,2,3,4,6,9,10,11,13,14,15,16,18 	6
1,2,3,6,13,14,15 	1
1,2,4,7,8,10,12,15,16,17 	29
1,3,6,8,14 	8
1,2,3,6,13,14,16 	5
1,2,4,8,10,14,15,17 	3
1,2,4,8,10,14,15,16 	248
1,2,6,7,10,11,13,14,16,18 	1
1,2,3,4,7,14,16 	3
1,2,3,4,6,7,10,11,14,15 	3
1,2,3,4,7,14,15 	78
11,13,18 	7349
1,2,4,5,6,7,10,14,15,16,17 	10
1,2,5,10,11,13,14,15,16 	343
1,2,5,10,11,13,14,15,18 	219
2,3,10,14,15,16 	1
1,2,13,15,18 	5
1,2,3,4,6,10,13,14,15,16 	6
1,2,13,15,16 	69
1,2,3,5,8,9,10,11,14,15 	1
2,4,14,15,16 	23
1,2,4,7,8,9,10,12,13,14,15,16 	1
1,6,11,13 	93
1,2,3,5,6,9,10,11,14,15 	5
2,3,7,12,14,15,16 	1
1,2,5,10 	6869
1,2,3,4,6,8,12,13,14,16 	1
1,2,5,6,7,8,9,10,13,16,18 	1
1,2,4,9,10,11,13,15,16 	1
1,2,3,7,15 	180
1,2,5,13 	460
1,2,5,14 	14123
1,2,3,4,5,7,8,9,10,14,15,16,17 	57
1,2,5,11 	350
1,2,5,10,12,13,15,16 	10
1,2,5,7,15,16 	1
1,2,4,6,8,9,10,11,13,14,15,16,18 	2
1,2,5,17 	100
1,2,4,7,10,15,16,18 	1
1,2,5,6,10,12,14 	1
1,2,5,18 	78
1,2,4,7,10,15,16,17 	146
1,2,5,15 	6
1,2,5,16 	1
1,2,3,4,7,10,12,13,14,15,16,17 	10
1,2,6,9,10,13,14,15,16 	13
1,2,10,11,13,15,16,18 	73
1,2,5,6,8,9,10,11,18 	3
1,2,3,4,7,10,12,13,14,15,16,18 	2
1,2,3,5,8,9,12,14,15,16 	1
1,2,5,6,8,9,10,11,14 	2
1,2,5,6,8,9,10,11,13 	3
1,11,13,14 	1
1,2,9,10,13,14,15 	6
1,2,4,5,9,10,11,16 	1
1,2,3,4,6,7,9,10,14,15,16,17 	16
1,2,4,5,9,10,11,13 	6
1,2,4,5,14,15 	12
1,2,3,5,6,10,14,15,18 	2
1,2,4,5,9,10,11,18 	1
1,2,3,5,6,10,14,15,17 	5
1,2,3,5,6,10,14,15,16 	147
1,2,3,6,8,9,10,11,13,14,15 	2
1,2,4,6,10,11,13,14,15,16,18 	3
1,2,3,4,10,12,15,16 	363
1,2,3,4,7,10,13,14,15,16 	87
1,2,5,6,8,10,11,14,15,16,18 	1
1,3,11,14,15 	1
1,2,3,6,7,8,9,10,12,14,15,16 	4
2,3,7,14,15 	16
1,2,3,5,7,8,10,14,15 	3
1,2,3,4,7,8,10,12,14,15,16 	210
1,2,3,4,6,7,10,13,14,15,16,18 	1
1,2,3,6,7,9,10,14,15,16 	3
1,2,4,5,6,9,10,12,14,15,16 	3
11,12 	3
1,2,3,5,10,11,14,15,16,18 	359
11,14 	152237
1,2,5,13,14,15 	9
11,13 	12742
1,2,4,5,7,10,15,16,18 	1
1,2,3,4,5,7,8,10,13,14,15,16,17 	5
1,2,4,5,7,10,15,16,17 	22
1,2,6,8,9,10,11,12,14,15,18 	2
1,2,9,10,11,14 	213
1,2,9,10,11,15 	1
1,2,3,4,7,9,11,14,15,16 	1
1,2,3,6,10,11,12,14,15,16 	4
1,2,9,10,11,13 	25
1,2,3,5,6,7,9,10,11,13,14,15,16 	3
1,2,9,10,11,18 	36
1,2,9,10,11,16 	7
11,16 	34
11,15 	1
1,2,5,13,14,18 	133
11,18 	1036
1,2,4,5,6,9,10,13,14,15 	1
1,3,4,5,9,10,13,14 	1
1,6,11,18 	40
1,2,4,5,6,10,14,16 	21
1,2,3,4,5,7,8,10,13,14,15,16 	2
1,2,5,6,7,8,9,10,11,14,16,18 	3
1,2,4,5,6,10,14,15 	35
1,2,3,5,6,8,9,10,11,14,15,16,18 	1
1,2,5,6,13 	7
1,2,5,6,14 	1254
1,2,6,9,10,11,14,15,16 	10
1,2,5,6,16 	1
1,2,5,6,10 	136
1,2,5,6,11 	25
1,2,3,7,10,14,15,16,18 	1
1,2,3,7,10,14,15,16,17 	2291
1,2,5,6,17 	1
1,2,3,4,5,7,9,10,11,13,14,15 	1
1,2,5,6,18 	2
1,2,3,5,6,8,9,10,12,14,15,16 	1
2,4,7,16 	155
1,2,8,10,14,15,17 	4
1,2,4,10,14,15,17 	15
2,4,7,15 	7740
1,2,4,10,14,15,16 	6624
1,2,8,10,14,15,16 	561
1,2,4,10,14,15,18 	1
1,2,4,8,10,12,15,16,17 	3
1,2,3,4,5,10,11,13,14,15,16,18 	509
1,2,4,5,6,8,9,10,11,13,14,15,16 	2
1,2,4,5,6,9,10,14,15 	2
1,2,3,5,6,10,12,14,15,16 	41
1,2,3,13,15 	90
1,2,3,4,10,13,15 	1
1,2,6,9,10,11,13 	2
1,2,6,9,10,11,14 	18
1,2,5,7,10,12,13,15,16 	1
1,2,6,9,10,11,16 	5
1,2,6,9,10,11,18 	13
1,2,4,5,6,9,10,11,13,16 	3
1,2,4,5,6,9,10,11,13,14 	9
1,2,7,10,12,15 	3
1,2,4,5,7,10,11,16,17 	1
1,2,4,6,10,11,13,14,15,16 	5
1,2,4,5,6,9,10,11,13,18 	6
1,2,6,8,10,11,13,14 	8
1,2,5,6,9,10,13,14,15,16,17 	1
1,2,5,9,10,14,17 	3
2,3,4,7,14,15 	15
1,2,6,8,10,11,13,18 	1
1,3,5,8,10,14 	1
1,6,9,11,13 	34
1,2,3,4,9,10,12,14,15,16,17 	5
1,6,9,11,18 	19
1,4,5,6,8,14,16 	1
1,5,6,8,9,10,11,12,14,18 	2
1,2,3,6,7,9,10,11,12,14,15 	1
9,10 	3
9,11 	47881
9,14 	3372
1,2,3,4,5,8,9,10,12,14,15,16,17 	2
1,14,15,16 	1
1,2,5,10,12,13,14,15,16,17 	7
1,2,3,11,13,15 	12
1,2,4,5,6,7,9,10,11,12,16,18 	1
1,2,3,4,5,6,7,9,10,12,14,16 	1
1,2,4,6,10,11,14,15,16,18 	7
1,2,3,5,6,8,10,11,14,15 	3
1,2,5,7,10,13,14,15 	25
1,2,3,4,6,7,14,15 	3
1,2,3,4,5,10,11,13,14,15,16 	151
1,2,3,6,7,14,15,16 	2
1,2,3,4,5,10,11,13,14,15,18 	133
2,3,12,15 	22
1,2,4,5,7,10,13,15,16 	5
1,3,4,7,12,16 	2
1,2,4,5,6,9,10,11,14,15,16 	2
1,2,3,4,11,15 	5
1,2,10,14,18 	3827
1,2,10,14,17 	355
1,2,10,14,16 	259
1,2,10,14,15 	20647
1,2,4,5,6,7,10,14,16,17 	1
8,10,11,14 	1
2,3,11,14,15 	1
1,2,8,9,10,11,13,14 	1
1,2,12,15,16 	1132
1,2,8,9,10,11,13,18 	1
1,2,4,7,10,12,15 	5
1,2,5,9,10,14,15 	19
1,2,5,6,8,9,10,12,13,14,15,16 	1
1,2,3,4,5,7,8,12,14,15,16,17 	1
1,2,3,10,11,12,14,15,16 	59
1,2,3,4,5,8,10,12,14,15,16 	94
1,2,3,5,6,8,9,10,11,13,14,15 	1
1,2,4,7,8,10,14,15,17 	2
2,3,4,12,14,15,16 	13
1,2,7,10,11,12,14,15 	1
1,2,3,4,5,6,10,13,14,15 	1
1,2,5,6,8,9,10,11,16,18 	3
1,2,3,4,5,6,10,13,14,16 	4
1,2,4,7,8,10,14,15,16 	101
1,2,6,14,16 	8
1,2,3,13,14,15 	132
1,2,6,14,15 	2
1,2,3,6,10,15 	1
1,2,3,6,10,14 	233
1,2,3,13,14,16 	16
2,3,4,7,15 	4147
1,2,8,10,11,14,18 	7
1,2,4,7,12,15,16,17 	24
1,2,3,4,5,14,15,16,17 	3
1,2,6,7,8,9,10,11,13,14,15,16 	1
1,2,8,10,11,14,15 	2
1,2,5,14,15 	32
1,2,5,14,17 	10
1,2,4,5,10,13,14,15 	102
1,2,4,5,10,13,14,16 	5
1,2,5,14,18 	76
1,2,7,9,10,13,14,15,16 	1
1,2,3,4,8,10,12,14,16 	3
1,2,3,4,6,8,9,10,13,14,15,16 	1
1,2,3,4,7,13,14,15,16 	31
1,2,4,5,7,10,14 	11
1,2,4,5,7,10,13 	1
2,3,4,7,12,15,16,17 	4122
1,2,4,10,12,14,15,16,17 	31
1,2,5,6,7,8,9,10,11,13,14,15,16,18 	1
1,2,4,6,8,9,11,13 	1
1,2,4,5,7,10,16 	17
1,2,4,5,7,10,15 	8
1,2,3,4,6,10,14 	6
1,2,6,7,10,13,14,15,16 	1
1,2,3,4,6,10,16 	1
2,11,14,15,16 	1
1,2,4,5,6,7,9,10,11,13,14,15,16 	4
1,2,3,5,6,8,10,14,15 	5
1,2,9,11,14,15 	1
1,2,6,10,12,14,15,16,17 	2
1,2,6,7,10,11,13,15,16 	1
1,2,10,11,13,18 	971
1,2,10,11,13,15 	65
1,8,9 	2
1,2,10,11,13,16 	5
1,2,10,11,13,14 	43376
1,2,3,5,6,10,11,13,14,15,16,18 	83
1,2,3,9,11,13,14,15,16 	1
1,2,3,4,11,13,15,16 	1
1,2,4,7,8,10,11,12,15,16 	1
1,2,4,6,7,10,11,14,15,16,18 	1
1,2,3,5,6,8,10,14,16 	5
1,2,3,5,13,14,15,16 	2
1,2,3,4,5,6,10,13,14,15,16,17 	2
1,2,6,9,10,13,14,15 	2
1,2,3,5,6,13,14 	15
1,2,4,9,10,13,16,18 	2
1,2,3,4,8,10,14,15,17 	29
1,2,3,4,5,6,7,8,10,12,14,15,16,17 	197
1,2,3,4,5,6,9,10,11,13,14,15,16 	23
1,2,10,12,13,14,15,16,17 	3
1,2,3,4,5,6,9,10,11,13,14,15,18 	2
1,2,4,6,16 	5
1,2,4,6,14 	3
1,2,3,4,6,9,10,11,13,14,15,18 	1
1,2,4,6,10 	2
1,2,3,5,8,10,11,13,14,18 	1
1,2,3,4,6,9,10,11,13,14,15,16 	15
1,2,3,4,8,10,14,15,16 	926
1,5,10,11,13,18 	1
1,2,3,4,5,7,9,10,12,14,15,16,17 	352
1,2,6,13,14,18 	1
1,2,3,4,10,12,13,14,15,16,17 	3
1,2,3,4,10,12,13,14,15,16,18 	1
1,2,3,5,14,15,16 	43
1,2,3,5,8,9,10,14,15,16 	3
1,2,3,4,5,6,9,10,12,13,14,15,16 	3
1,3,8,9,14 	3
1,2,3,4,10,12,14,15,16,18 	4
1,2,3,4,5,6,9,10,13,14,15 	1
1,2,4,8,10,15 	5
1,2,3,4,10,12,14,15,16,17 	959
1,2,5,6,10,14,15,16,17 	4
1,2,4,8,10,16 	4
1,2,3,5,7,10,13,14,15,16 	13
1,2,3,4,7,13,15,16 	3
1,2,5,6,9,10,11,13,16,18 	3
1,2,4,8,10,14 	3
1,2,3,4,5,7,10,14,15,16,17 	4390
1,2,8,10,11,13 	1
1,2,3,4,9,14,15,16 	1
1,2,8,10,11,14 	22
1,2,8,10,11,15 	1
1,2,6,13,14,16 	7
1,2,3,4,5,7,10,14,15,16,18 	2
1,2,8,10,11,18 	1
1,2,3,4,5,6,7,10,11,13,14,15,18 	2
1,2,3,6,10,11,13,14,15,16 	86
1,2,4,6,9,10,11,16,18 	19
1,2,3,4,7,10,14,15 	2415
1,2,3,4,5,6,7,10,12,13,14,15,16,17 	3
1,2,3,4,5,6,10,12,14,16 	55
1,2,3,6,10,11,13,14,15,18 	33
1,2,3,4,5,6,7,10,12,13,14,15,16,18 	1
1,2,3,4,7,10,14,16 	40
1,3,4,16 	45
1,2,4,7,10,16 	148
1,2,3,4,6,7,8,10,12,13,14,15,16,17 	1
1,2,6,7,10,11,16 	1
1,2,4,6,9,11,13,14,18 	1
1,2,3,4,5,6,12,13,14,16 	7
1,2,3,4,5,6,7,10,11,13,14,15,16 	10
1,2,3,4,6,10,11,13,15,16 	3
1,2,3,4,6,11,13,14,15,16 	2
1,2,4,7,8,10,13,14,15,16 	1
1,2,3,7,10,11,13,14,15,16,18 	3
1,3,4,14 	1
1,2,4,7,10,14 	44
1,2,4,7,10,15 	321
1,2,4,7,10,13 	3
1,3,4,10 	1
1,2,4,7,10,11 	1
1,2,3,4,7,8,10,13,14,15,16 	3
1,2,3,6,8,10,11,14,15,16 	2
1,2,3,8,10,14,16 	16
1,2,4,6,9,10,11,13,14,15,16,18 	1
1,2,3,8,10,14,15 	267
1,2,3,9,10,14,15,16,17 	7
1,2,5,10,11,12,14,15,16 	13
1,2,3,4,5,10,13,14,15 	19
1,2,4,7,8,10,12,13,14,15,16 	1
1,2,4,7,10,11,12,14,15,16 	6
1,2,3,4,5,10,13,14,16 	1
4,12,15,16,17 	784
1,2,6,7,9,10,11,14,15,16 	1
1,3,5,6,11,14 	1
1,2,3,4,5,6,10,11,13,14,15,18 	21
1,2,3,4,5,6,10,11,13,14,15,16 	50
1,2,3,6,10,12,14,16 	4
1,2,3,6,10,12,14,15 	1
1,12,16 	6
1,2,4,5,6,7,10,12,15,16 	5
1,2,3,4,5,6,7,9,10,13,14,15,16 	1
1,2,3,5,6,7,10,15,16 	1
1,5,11 	130
1,5,10 	3621
1,2,3,4,7,8,10,12,13,14,15,16,17 	4
1,2,10,11,14,15,16,18 	1574
1,5,13 	9
1,2,8,10,11,13,14,15,16 	1
1,5,14 	6348
1,5,17 	24
1,2,3,4,7,12,15,16 	1047
1,5,18 	470
1,2,3,4,5,8,10,12,13,14,15,16 	2
1,2,3,4,5,7,8,14,15 	2
1,2,5,6,9,10,11,12,14,15,16,18 	2
1,2,5,6,8,10,11,13,14 	3
1,2,3,6,10,13,14,16 	7
1,2,3,6,10,13,14,15 	19
1,2,5,6,8,10,11,13,16 	1
1,2,3,6,7,9,10,11,14,15,16 	4
1,2,4,5,6,10,11,13,14,15 	2
1,2,4,5,6,10,11,13,14,18 	7
1,2,3,4,5,6,7,9,10,12,13,14,15,16,17 	6
1,2,3,4,8,9,10,12,14,15,16,17 	2
1,2,3,4,5,7,15,16 	2
1,2,4,5,6,7,8,9,10,12,14,15,16 	8
1,2,3,5,6,7,9,10,11,14,15,16,18 	1
1,2,4,5,10,11,13,14,16 	2
1,2,4,5,10,11,13,14,15 	24
1,2,3,4,5,6,10,11,13,14 	1
1,2,4,5,10,11,13,14,18 	55
1,2,6,7,9,10,14,16 	1
1,2,7,8,10,14,15 	9
1,2,4,10,11,14,15,16,18 	70
1,3,6,10,14,16 	4
1,2,3,5,8,10,11,12,13,14,15,16 	1
1,2,6,8,9,10,11,16 	1
1,2,5,6,8,9,10,11,12,14,15,16,18 	2
1,2,4,5,6,7,8,10,13,14,15 	1
1,2,8,9,14,16 	1
1,2,3,4,5,6,9,10,12,14,15,16 	15
1,2,3,8,14,15 	32
1,2,3,8,14,16 	25
1,2,3,4,7,10,11,14,15,16 	237
1,2,4,7,13,15 	2
1,2,4,9,10 	1
1,2,4,10,13,14 	2
1,2,10,11,16,18 	4
1,2,4,10,13,15 	24
1,2,4,7,10,12,15,16 	1098
1,2,11,14,15 	68
1,2,4,10,13,16 	2
1,2,3,4,7,10,11,14,15,18 	7
1,10,12,15 	1
1,2,11,14,18 	558
1,5,6,10,11,14,18 	1
1,2,3,4,5,6,8,9,10,12,14,15,16,17 	2
1,2,12,13,14,15,16 	5
1,2,4,5,7,9,10,14,15 	1
1,2,3,4,6,7,8,9,10,12,14,15,16 	35
1,2,7,8,10,12,14,15,16 	12
1,2,3,5,10,11,14,15,18 	421
1,2,3,7,10,14 	15
1,2,4,10,13,18 	3
1,2,3,5,10,11,14,15,16 	378
1,2,4,9,10,14,15 	3
1,2,3,7,10,15 	167
1,2,5,6,7,10,14,16 	4
1,2,4,8,12,15,16 	1
1,2,7,10,13,15,16 	4
1,2,3,4,5,6,7,10,14,15,16,18 	1
1,2,3,4,5,6,7,10,14,15,16,17 	173
1,2,4,11,13,14,15 	1
1,2,3,4,6,8,10,12,14,15,16,17 	11
1,2,3,4,6,9,10,11,14,15,18 	1
1,2,3,4,10,11,14,15,16 	736
1,2,3,4,6,9,10,11,14,15,16 	10
1,6,8,11,14 	1
1,2,10,14,15,16,17 	222
1,2,5,6,7,10,14,15 	7
1,2,3,4,10,11,14,15,18 	125
1,2,10,14,15,16,18 	20
1,2,4,5,6,7,10,13,15,16 	1
1,2,6,7,8,9,10,11,14,16,18 	1
1,2,4,9,11 	1
1,2,3,6,7,10,11,12,14,15,16 	1
1,2,3,4,7,9,10,11,12,14,15 	1
1,2,5,6,10,15,18 	1
1,2,3,11,14,15,16,18 	12
1,2,10,11,16 	17
1,2,10,11,15 	227
1,2,5,6,10,15,16 	10
1,2,10,11,18 	1037
1,2,5,6,10,15,17 	1
1,2,4,10,13,15,16 	23
1,2,10,11,14 	207615
1,2,10,11,13 	1975
1,2,4,10,13,15,18 	3
1,2,4,9,10,13,14,15,16 	1
1,2,4,5,9,10,14,15 	2
1,2,3,5,6,7,9,10,11,14,15,16 	2
1,8,11 	1
1,8,10 	93
1,2,4,7,8,15,16,17 	1
1,2,3,5,7,9,10,14,15 	1
1,2,3,5,6,7,10,12,14 	2
1,3,4,5,6,8,9,14,16 	1
1,8,14 	220
1,2,3,5,10,14,15,17 	219
1,8,18 	2
1,2,3,5,10,14,15,16 	6852
1,8,17 	96
1,2,3,5,10,14,15,18 	21
1,2,10,11,13,16,18 	5
1,2,4,6,9,10,12,14,15,16 	3
1,2,3,4,15 	338
1,2,3,5,6,9,10,12,14,15,16,17 	1
1,2,3,4,5,6,8,10,12,14,15,16 	20
1,2,3,4,16 	70
1,2,3,4,14 	28
3,4,14,16 	3
1,2,6,8,9,10,11,13,14,15,18 	1
3,4,14,15 	1
1,2,3,5,8,10,11,13,14,15,16 	1
1,2,6,8,9,10,11,13,14,15,16 	1
1,2,3,5,8,10,11,13,14,15,18 	2
1,2,4,6,8,10,14,15,16,17 	1
1,2,3,4,6,8,10,12,14,16 	4
1,2,3,4,5,6,7,10,12,14,15,16 	243
1,2,5,8,9,10,14 	3
1,2,4,5,8,10,12,15,16,17 	2
2,3,7,12,15,16,17 	613
1,2,5,8,9,10,18 	1
1,2,3,5,10,12,15,16 	3
2,3,4,11,14,15 	1
1,2,3,10,15 	2716
1,2,9,10,14,18 	1
1,2,3,10,14 	3392
1,2,9,10,14,16 	1
1,2,3,10,13 	1
1,2,9,10,14,15 	19
1,2,3,10,16 	12
1,2,3,4,6,7,9,10,11,12,14,15,16,18 	11
1,2,3,6,9,14 	10
1,2,7,13,14,15,16 	1
1,5,6,10 	85
1,2,3,5,8,10,11,14,15 	6
1,5,6,11 	9
1,5,6,14 	192
1,5,6,18 	4
1,2,4,5,6,8,10,13,14,16 	1
1,2,3,5,6,7,8,9,10,11,13,14,15,16 	2
2,3,7,11,15 	2
1,2,3,12,14,16 	7
1,2,3,4,5,8,10,12,15,16 	1
1,2,3,12,14,15 	3
1,2,5,7,10,14,15,16,17 	32
1,2,4,9,10,11,13,15 	1
1,2,4,9,10,11,13,14 	5
1,2,3,4,12,14,15,16,17 	10
1,2,3,7,10,12,14,15,16,18 	3
1,2,6,10,13,14,15,16 	16
1,2,4,6,7,8,9,10,11,12,14,15,18 	1
2,4,15,17 	4
1,2,3,7,10,12,14,15,16,17 	1214
1,2,3,4,5,6,9,10,11,12,14,15,16,18 	2
2,4,15,16 	8969
1,2,5,7,9,10,14,15,16 	24
1,2,4,6,9,10,11,18 	12
1,2,5,6,7,10 	2
1,2,3,4,7,8,10,14,15 	48
1,2,4,6,9,10,11,14 	1
1,2,4,6,9,10,11,16 	1
1,2,3,4,6,8,10,11,13,15,16 	1
1,2,5,8,10,12,14,15,16 	146
1,2,4,6,9,10,11,13 	7
2,4,7,14,15 	18
1,2,4,9,10,11,13,16 	3
1,2,3,9,10,11,14,15 	24
1,2,4,9,10,11,13,18 	9
1,2,3,5,10,12,13,14,15,16,17 	16
1,2,3,10,15,16,17 	245
1,2,3,6,7,10,12,14,16 	3
2,3,12,14,15,16 	5
1,2,3,5,7,10,12,14,15,16,17 	619
1,2,3,5,7,10,12,14,15,16,18 	1
1,2,4,10,11 	51
1,2,4,10,14 	240
1,2,4,10,13 	33
1,2,4,10,16 	72
1,2,4,10,15 	672
1,2,4,10,18 	1
6,14 	389
1,2,8,10,11,13,14,18 	2
6,13 	7
6,18 	6
1,2,5,6,10,11,14,15,16,18 	16
1,2,3,5,8,9,10,14,15,16,17 	2
1,2,3,4,5,8,9,10,14,15,16 	6
1,2,5,9,10,12,14,15,16 	80
6,11 	74
1,5,6,8,9,10,11,14 	1
1,2,3,6,8,11,14,15,16 	1
1,2,5,6,8,9,10,11,13,14,16,18 	4
1,2,3,5,9,10,12,14,15,16,17 	11
1,5,6,8,9,10,11,18 	3
1,2,10,13,16,18 	3
1,2,6,9,14,15,16 	1
1,2,6,8,9,10,13,14,15,16 	1
1,2,3,5,7,14,15,16 	3
1,2,3,4,6,7,11,13,14,15,16 	1
1,2,7,10,12,15,16,17 	32
9,11,13,18 	2
1,2,5,10,12,15,16,17 	6
1,2,3,13,15,16,17 	1
1,2,3,4,7,8,10,12,14,15,16,17 	330
1,2,3,4,6,7,10,14,15,17 	1
1,2,3,4,6,7,10,14,15,16 	179
1,3,4,5,6,8,10,14 	1
2,7,11,15 	2
1,2,4,5,9,10,13,14,15,16 	1
1,2,4,5,7,10 	15
1,2,4,7,10,14,15,17 	9
1,2,4,5,7,15 	1
1,2,3,5,14,16 	5
1,2,3,5,14,15 	56
1,2,3,4,6,7,8,9,10,11,12,14,15,16 	1
1,2,5,6,8,9,10,12,14,15,16 	1
1,2,4,6,13,14,16 	1
1,2,4,5,7,10,14,15,16 	1693
1,2,4,5,7,10,14,15,17 	6
1,2,4,7,10,14,15,16 	5997
1,2,6,8 	28
1,5,6,11,12,18 	1
1,2,6,7 	1
2,4,7,11,15,16 	2
1,2,3,4,6,8,9,10,11,12,14,15,16 	1
1,2,5,10,12,15,16,18 	1
1,2,5,14,15,16 	116
1,2,4,6,10,14,15 	29
1,6,10,13,14 	1
2,3,4,15,16 	17549
1,2,4,6,10,14,16 	24
2,3,4,15,17 	352
1,2,3,4,14,15 	239
1,2,3,4,14,16 	1181
1,2,9,10,11,13,14,15 	1
1,2,9,10,11,13,14,18 	3
1,2,5,6,7,10,12,14,15,16 	5
1,2,6,8,10 	11
1,2,8,10,13 	1
1,2,8,10,14 	5483
1,2,8,10,11 	3
1,2,3,5,8,10,12,13,14,15,16,17 	2
1,2,3,4,6,7,10,11,13,14,15,16 	17
1,2,8,10,17 	3
1,2,5,10,13,14,16 	11
1,2,5,10,13,14,15 	457
1,2,8,10,18 	1
1,2,3,4,5,7,8,14,15,16,17 	1
1,2,5,10,13,14,18 	396
1,2,4,5,14,15,16 	7
1,2,8,10,15 	11
1,2,5,10,13,14,17 	63
1,2,8,10,16 	2
1,2,3,6,7,10,11,14,15 	2
1,2,4,5,6,7,9,10,11,13,16,18 	1
1,2,8,10,13,14,15,16 	4
1,2,8,10,13,14,15,17 	1
1,2,4,5,7,8,10,12,15,16,17 	16
1,2,6,8,9,10,11,13,14,18 	3
1,2,3,4,6,7,8,12,14,15,16 	2
1,2,6,8,14 	131
1,2,3,4,6,7,8,10,12,14,16 	1
1,2,6,8,13 	1
1,5,6,9,10,11 	1
1,2,5,9,10,11,18 	2
1,2,6,8,18 	1
1,5,6,9,10,14 	5
1,2,5,9,10,11,16 	1
1,2,5,9,10,11,13 	27
1,2,6,8,17 	1
1,2,5,9,10,11,14 	20
1,2,5,7,9,10,13,15,16 	1
1,2,3,8,10,11,13,14,15,16 	1
1,2,3,8,10,11,13,14,15,18 	6
1,2,4,6,7,10,16 	2
1,2,5,8,10,14,15,16,17 	16
2,3,15,17 	5243
2,3,15,16 	52840
1,2,4,6,11,13,15,16 	1
1,2,3,4,7,10,11,13,14,15,16 	227
1,2,12,15 	4
1,2,12,14 	1
1,2,3,4,7,10,11,13,14,15,18 	6
1,2,4,7,13,14,15,16 	24
1,2,3,5,10,11,13,14,15,16,18 	1688
1,2,7,10,13,14,15,16 	23
1,2,9,10,12,14,15,16,17 	2
1,3,10,11,15,18 	2
1,2,3,4,7,9,10,12,14,15,16,17 	203
1,3,4,5,6,10,14,16 	7
1,2,4,6,9,10,11,14,15,16,18 	5
1,2,3,4,7,12,14,15,16,17 	81
1,3,12,16 	3
1,2,4,5,8,10,12,14,15 	1
1,2,5,10,15,18 	7
1,2,4,5,7,10,11,12,14,15,16 	5
1,2,5,10,15,16 	227
1,2,5,10,15,17 	5
1,2,4,13,14,15,16 	3
1,6,9,10,11,13,14 	2
2,4,15,16,17 	17
1,2,4,6,7,8,9,10,11,12,18 	1
1,2,3,4,6,7,10,12,15,16 	1
1,2,3,4,6,7,10,11,13,14,15,18 	2
1,6,11,13,18 	90
1,2,9,10,14 	574
1,2,5,11,15,16 	1
1,2,9,10,16 	2
1,2,5,10,12,14,15 	2
1,2,9,10,18 	1
1,2,3,4,9,10,11,14,15,16 	13
1,2,3,4,9,10,11,14,15,18 	1
1,2,4,8,10,13,14,15 	1
1,2,9,10,11 	130
1,2,7,8,14,15,16 	1
1,2,3,11,14,15 	350
1,2,7,9,10,14,15,16 	15
1,2,4,10,11,13,15,16,18 	16
1,2,4,6,8,12,14,16 	1
1,2,4,7,10,12,14,15,16,17 	114
1,2,4,5,7,10,12,15 	1
1,2,3,7,10,11,13,14,15 	9
1,2,3,4,5,6,8,10,13,14 	1
2,3,7,14,15,16,17 	10
1,2,3,6,12,14,15,16 	1
1,2,4,5,6,7,10,16 	2
1,2,4,5,6,7,10,15 	1
1,2,7,10,11,16 	8
1,2,6,7,9,10,11,12,14,15,16 	1
1,2,7,10,11,15 	1
1,2,7,10,11,14 	4
1,2,7,10,11,13 	5
1,2,3,4,6,10,13,14,15,16,17 	1
1,2,3,4,5,8,10,11,14,15,16 	1
1,2,3,4,6,10,11,12,14,15,16,18 	1
9,10,11,14 	582
1,2,3,5,6,7,8,10,14,15,16 	1
1,2,7,10,11,18 	3
1,2,3,8,12,14,15,16 	2
1,2,10,12,14,16 	1
1,2,10,12,14,15 	21
1,2,3,4,5,9,14,15,16 	1
1,2,3,4,12,16 	3
1,2,4,5,6,8,9,10,11,13,14,16,18 	1
1,2,4,5,6,9,10,13,14 	3
1,2,10,11,12,15,16 	3
1,2,3,5,6,7,10,11,14,15,16 	3
1,2,4,10,11,13,18 	38
1,2,4,10,11,13,14 	212
1,2,4,10,11,13,16 	4
1,2,4,10,11,13,15 	10
1,2,4,5,6,9,10,14,15,16 	3
1,2,5,6,7,8,9,10,11,13,18 	3
1,2,3,7,11,12,14,15,16 	3
1,15,16 	1
1,2,3,4,10,11,13,14,15,16,18 	516
1,2,6,7,8,10,14,15 	1
1,2,4,6,7,8,10,15,16,17 	2
1,2,3,4,6,10,12,13,14,15,16 	3
1,2,3,5,7,14,15 	2
1,2,5,7,10,13,14,15,16 	13
1,2,3,4,12,13,14,15,16 	1
1,2,4,6,9,10,11,14,15,18 	1
1,2,3,7,9,10,14,15,16,17 	7
1,2,4,6,9,10,11,14,15,16 	2
1,2,4,6,7,10,12,13,14,15,16,17 	1
1,2,4,6,7,10,13,14,15 	1
1,2,15,17 	6
1,2,4,5,7,9,10,14,15,17 	1
1,2,8,9,10,11,15 	1
1,2,15,16 	6814
1,2,6,10,12,15,16 	1
1,2,8,9,10,11,13 	1
1,2,4,5,7,9,10,14,15,16 	6
1,6,9,11,13,18 	95
1,2,3,6,8,12,14,15,16 	1
1,2,3,4,5,7,10,12,14,15,16 	6053
1,2,3,4,5,7,10,12,14,15,17 	4
1,2,3,4,5,7,10,12,14,15,18 	1
1,2,3,4,9,10,13,14,15,16 	1
1,2,4,5,7,10,11,13,14,15 	2
1,2,6,8,10,11 	1
1,2,6,8,10,14 	104
1,2,6,8,10,13 	1
1,2,4,6,10,13,15,16,18 	1
1,2,6,8,10,16 	2
1,6,13,18 	12
1,2,3,7,12,15,17 	1
1,2,3,4,7,11,13,14,15,16 	1
1,2,3,7,12,15,16 	306
1,2,12,14,15 	1
1,2,5,9,10,13,14 	107
1,2,6,10,14,18 	5
1,2,6,10,14,17 	1
1,2,6,10,14,16 	13
1,2,6,10,14,15 	46
1,2,3,4,5,10,13,14,15,18 	2
1,2,3,4,8,10,11,12,13,14,15,16 	1
1,2,5,6,11,13,14 	3
1,2,4,5,6,10,15,16 	4
1,2,6,8,9,10,11,12,16,18 	1
1,2,4,7,10,11,13,14,15,16 	27
1,2,4,7,10,11,13,14,15,18 	5
1,2,3,10,13,15,16,18 	2
1,2,3,10,13,15,16,17 	1
1,5,11,14,18 	4
1,2,3,4,5,10,13,14,15,16 	29
1,2,4,10,12,15,16,17 	43
1,2,3,4,7,9,10,13,14,15,16 	1
1,2,5,9,10,13,16 	1
1,2,4,5,7,10,13,14,15 	34
1,2,3,6,11,13,14,15,18 	1
1,2,3,6,11,13,14,15,16 	2
1,2,3,4,8,10,14,16 	74
1,2,3,4,6,10,11,12,14,16 	2
1,2,3,4,13,15,16 	2
1,2,3,4,8,10,14,15 	180
1,2,5,7,10,11,14,15,16,18 	2
1,2,5,6,8,10,11,13,16,18 	2
1,2,3,4,7,9,10,14,15,16 	55
1,2,3,4,6,9,10,11,13,14,15 	6
1,2,5,9,10 	11
1,2,4,5,7,8,10,14,15,16,17 	5
1,2,5,9,11 	1
1,2,4,5,6,7,10,12,14,15 	1
1,2,3,4,6,8,9,12,14,16 	2
1,2,3,7,10,11,14,15,16,18 	10
1,2,10,11,12,14,15,16 	23
1,2,9,11,14,15,16 	2
1,2,3,5,7,10,14,15 	309
1,4,11 	2
3,4,15,16,17 	15994
4,11,14 	1
1,4,16 	1
1,2,3,6,7,15 	1
4,11,15 	2
4,11,16 	1
1,2,5,9,10,12,14,15,16,17 	1
1,2,3,5,9,11,14,15 	1
1,2,4,5,6,8,9,10,11,12,14,15,18 	2
1,2,10,11,14,16,18 	1
1,2,7,10,14,15,16,17 	43
2,3,11,15 	5185
1,2,7,10,11,15,16 	1
1,2,6,9,10,11,16,18 	11
1,2,5,9,14 	25
1,2,3,4,5,6,14 	6
1,2,3,4,5,7,10,13,14,15,16,17 	11
1,2,3,4,5,6,16 	3
1,2,4,5,6,7,10,15,16 	3
1,2,3,5,8,10,13,14,15,16,17 	1
1,2,3,4,5,6,10,11,14,15 	7
1,2,5,10,11,13,15,18 	177
1,2,3,4,5,10,11,13,15,16,18 	3
1,2,5,6,9,10,11,14,15,18 	1
1,2,4,7,10,12,13,15,16 	13
1,2,3,4,5,6,7,9,10,11,13,14,15,16,18 	1
1,2,4,7,8,14,15,16 	1
1,2,3,4,15,16,17 	154
1,2,5,10,11,13,15,16 	45
1,2,5,10,13,14,15,17 	5
1,2,5,10,13,14,15,18 	4
1,2,6,9,10,14,16 	2
1,2,6,9,10,14,15 	4
1,2,5,10,13,14,15,16 	817
1,2,5,6,10,13,15,16 	8
1,2,6,7,9,10,11,13,14,18 	2
1,2,3,4,6,9,10,14,15,16 	3
3,12,15 	1110
3,12,16 	52
1,2,5,6,12,14,15,16 	1
1,2,4,7,8,10 	4
1,2,3,5,6,8,10,11,13,14,15 	3
1,2,4,5,10,14,15,16 	2412
1,2,5,6,10,12,15,16,18 	1
1,2,4,5,10,14,15,17 	8
1,2,5,6,10,13,15,18 	1
1,2,4,6,10,18 	2
1,2,4,6,8,14,16 	8
1,2,4,5,7,8,9,10,14,15,16 	1
1,3,4,5,6,9,14,16 	1
1,2,4,6,10,11 	2
1,2,4,6,10,13,15,16 	4
1,2,4,6,10,13 	3
1,2,4,6,10,14 	18
1,2,3,5,6,7,8,10,14,15,16,17 	1
1,2,4,6,10,15 	1
1,2,4,6,10,16 	4
1,2,3,4,5,6,9,10,11,13,14,15 	9
1,2,3,5,8,10,12,13,14,15,16 	3
1,2,6,9,10,14,15,16 	40
1,2,3,4,8,9,10,12,14,15,16 	2
1,2,3,5,6,9,10,13,14,15,16,17 	1
1,2,4,5,7,10,11,13,15,16,18 	1
1,2,3,4,5,7,8,10,14,15,17 	11
1,5,6,8,10,11,14 	1
1,2,3,4,5,7,8,10,14,15,16 	588
1,9,10,11,14,18 	1
1,2,4,5,10,13,18 	2
1,5,6,11,14 	1
1,2,3,5,11,13,14,15 	9
1,2,3,5,6,8,9,10,11,12,14,15,16,18 	1
1,5,6,11,18 	10
3,4,11,16 	1
1,2,3,4,6,7,10,11,13,14,15,16,18 	2
1,2,4,5,8,10,12,13,14,15,16 	2
1,2,4,5,10,13,14 	2
1,2,4,5,10,13,15 	2
1,2,4,5,10,13,16 	1
1,2,5,7,10,12,15 	1
1,2,3,7,12,13,15,16 	2
1,2,3,4,5,7,8,9,10,12,13,14,15,16,17 	1
2,3,4,12,15,16,17 	588
1,2,3,4,5,7,10,13,14,15,16,18 	1
3,4,11,15 	88
1,2,4,5,10,11,14,15,16,18 	10
1,2,9,10,12,13,14,15,16 	5
1,2,3,4,8,10,12,14,15,16,17 	82
1,2,4,5,9,10,12,14,15,16 	9
1,2,4,5,6,10,11,12,15,16 	1
1,2,4,5,6,10,11,15,18 	2
2,3,4,5,8,10,14,15,16,17 	1
1,2,3,4,5,10,12,13,14,15,16,17 	4
1,2,3,4,5,12,15,16,17 	1
1,2,3,4,5,7,9,10,14,15 	1
1,2,4,5,6,9,10,11,13,14,16 	1
1,2,3,5,6,8,9,10,14,16 	1
1,2,4,5,6,9,10,11,13,14,18 	6
1,6,8,13 	1
1,2,4,5,6,9,10,11,13,14,15 	3
1,2,3,5,10,11,13,14,15,18 	4830
1,6,8,10 	5
1,2,3,4,7,10,12,13,14,15 	1
1,2,3,5,10,11,13,14,15,16 	429
1,2,3,4,5,6,7,8,12,14,15,16 	1
1,2,3,4,11,13,14,15,16,18 	4
1,2,4,6,9,10,14,15 	2
1,6,8,17 	6
3,4,16 	13080
3,4,15 	70494
1,6,8,14 	16
1,2,3,4,5,6,8,10,14,15,16 	72
1,2,3,4,5,6,8,10,14,15,17 	2
1,2,3,6,7,10,14,15,17 	1
1,2,3,4,5,7,8,10,14,15 	44
1,2,3,6,7,10,14,15,16 	21
1,2,3,6,7,10,12,14,15,16,17 	7
1,2,5,6,10,15,16,18 	1
1,2,5,6,10,15,16,17 	1
1,2,3,10,15,17 	119
1,2,5,8,10,15,16,17 	1
1,2,3,10,15,16 	2971
1,2,3,4,6,11,14,15,16 	1
1,3,10,13,14,15 	1
1,2,3,4,6,11,14,15,18 	1
1,2,4,7,12,13,14,15,16 	1
1,2,4,7,10,11,13,15,16 	4
1,2,4,5,10,12,15,16 	14
1,2,3,4,5,9,10,11,13,14,15,18 	3
1,3,5,10,14 	7
1,2,5,6,7,9,10,14,15,16 	1
3,17 	1531
3,16 	11094
1,2,3,4,5,6,7,8,12,14,15,16,17 	1
1,2,4,5,6,10,12,14,16 	2
2,12,14,15,16 	7
3,15 	4962041
1,2,4,7,12,13,15,16 	3
3,14 	85669
3,12 	563
3,11 	2560
3,10 	5
1,2,3,15,16,17 	230
1,2,4,5,6,7,10,13,16,18 	1
1,2,11,13,14,15,18 	3
1,2,3,4,6,10,13,14 	1
1,2,3,6,9,10,11,14,15,16,18 	16
1,2,11,13,14,15,16 	81
1,2,6,7,8,9,10,11,12,14,15,16,18 	2
1,2,3,4,6,9,14,15,16 	1
1,2,3,4,5,9,10,11,12,14,15,16,18 	1
1,2,3,5,14 	78
1,2,3,5,15 	5
1,2,4,6,7,9,10,11,12,14,15,16 	1
1,2,4,10,12,15 	3
1,2,6,11,13,14,18 	1
1,2,6,11,13,14,15 	1
1,2,3,10,14,15,16,18 	12
1,2,3,5,10 	8
1,2,4,5,6,9,10,12,14,15,16,17 	1
2,3,4,7,14,15,16 	154
2,5,8,10,12,14,15,16 	1
1,2,3,6,9,10,11,14,15,18 	3
1,2,3,10,14,15,16,17 	2376
1,2,3,4,5,6,7,10,12,14,15,16,18 	2
4,12,14,15,16 	1
6,11,18 	18
1,2,3,4,5,6,7,10,12,14,15,16,17 	401
1,2,3,6,9,10,11,14,15,16 	14
6,11,13 	86
1,3,4,8,9,14,16 	2
1,2,3,4,5,9,10,11,13,14,15,16 	4
1,2,3,4,6,7,8,10,12,14,15,16,17 	92
1,2,4,10,12,16 	1
1,2,3,4,5,6,8,14,15,16 	1
1,2,4,7,8,9,10,12,14,15,16,17 	2
2,9,11 	20
1,4,6,9,10 	1
1,2,4,5,7,10,11,12,15,16 	1
1,2,5,10,13,15,18 	58
1,2,4,5,6,11,13,18 	1
1,2,5,10,13,15,16 	23
2,11,15,16 	63
1,2,4,5,6,11,13,14 	1
1,2,3,5,6,9,10,11,12,14,15,16,18 	2
2,3,4,7,12,15,16 	6468
2,3,4,7,12,15,17 	5
2,7,12,15,16 	841
1,2,3,4,5,6,7,9,10,12,13,14,15,16 	4
2,7,12,15,17 	1
1,2,3,7,10,14,15,18 	1
1,2,3,7,10,14,15,17 	293
1,2,4,5,6,8,9,10,11,16,18 	1
1,2,3,7,10,14,15,16 	10758
1,2,3,5,9,10,14,15,16 	89
1,2,3,5,9,10,14,15,17 	1
1,2,6,7,10,12,14,16 	1
1,2,6,10,11,13,14,15,18 	3
1,2,6,10,11,13,14,15,16 	31
1,2,3,4,10,11,12,14,15,16 	32
1,2,3,6,8,9,10,11,14,15 	1
1,2,6,10,13,14,15 	6
1,2,3,5,10,12,14,15 	9
1,2,6,10,13,14,16 	3
1,2,3,5,10,12,14,16 	1
1,3,4,5,6,8,12,14,16 	2
1,2,6,10,13,14,18 	4
1,2,3,4,5,7,10,12,13,14,15,16 	28
1,2,3,4,6,7,10,14,15,16,17 	99
1,2,3,4,6,7,10,14,15,16,18 	2
1,2,3,5,6,8,10,11,14,15,16,18 	2
1,2,3,4,6,9,10,13,14,15,16,17 	1
1,2,6,10,14,15,16,17 	2
1,2,6,10,14,15,16,18 	1
1,2,3,5,6,8,10,14,15,16,17 	15
1,2,3,4,6,8,10,14,15,16,17 	38
1,2,3,4,6,10,11,14,15 	14
1,2,3,4,8,10,11,14,15 	1
1,2,3,14,15,16,17 	42
1,2,3,14,15,16,18 	1
1,2,10,11,15,18 	60
1,2,10,11,15,16 	194
1,2,4,7,9,10,11,12,14,15,16 	1
1,2,5,6,10,14,16 	10
1,2,5,6,10,14,15 	43
1,2,4,5,8,10,16 	1
1,2,4,5,8,10,15 	2
1,2,4,5,8,10,14 	1
1,2,5,6,10,14,18 	5
1,2,5,6,7,12,14,15,16 	1
1,2,3,7,10,12,15,16 	421
1,2,3,7,10,12,15,17 	1
1,2,3,4,5,7,8,9,10,12,14,15,16 	26
1,2,5,8,9,11 	1
1,2,9,10,13,16,18 	1
1,2,5,8,9,10 	1
1,2,4,6,10,11,13 	7
1,2,4,6,10,11,14 	22
2,3,4,12,16 	26
2,3,4,12,15 	11
1,2,4,6,10,11,18 	2
1,2,5,6,7,10,15,16 	2
1,2,4,5,6,7,9,10,12,14,15,16,17 	12
1,2,5,7,13,14,15 	1
1,2,3,5,6,9,10,11,12,14,15,16 	2
2,3,4,12,15,16 	1730
1,2,3,4,7,10,11,12,14,15 	4
2,7,12,15 	4
1,2,4,5,9,10,11,14,15,16 	1
1,2,4,5,10,11,13,15 	4
1,2,4,5,10,11,13,14 	86
1,2,4,5,10,11,13,16 	3
1,2,3,4,5,6,13,14,16 	27
1,2,4,5,10,11,13,18 	76
1,2,3,10,12,13,15,16 	3
1,2,6,7,9,10,11,13,14,16,18 	1
1,2,3,5,9,10,12,14,15,16 	58
1,2,3,6,8,9,10,11,13,14,15,16,18 	1
1,2,3,5,7,10,11,14,15,16,18 	1
1,2,3,7,9,10,12,14,15,16,17 	17
1,2,3,4,15,16 	1126
1,2,4,6,7,8,10,15,16 	2
1,2,8,10,11,14,15,16,18 	3
1,5,11,14 	10
1,2,3,4,15,17 	22
1,5,11,13 	2
1,2,3,4,6,7,10,11,12,13,14,15,16 	1
1,2,3,5,7,10,11,13,14,15 	3
1,2,4,5,10,14,15,16,18 	1
1,2,4,5,10,14,15,16,17 	48
1,2,3,5,6,7,10,14,15,16,17 	2
1,2,6,10,11,18 	18
1,2,6,10,11,15 	3
1,2,5,6 	296
1,2,6,10,11,16 	1
1,2,3,4,8,12,14,16 	1
1,2,6,10,11,13 	22
1,2,6,10,11,14 	544
1,2,5,10,11,15,16 	22
1,2,5,10,11,15,18 	9
1,2,5,8 	121
1,2,9,10,11,12,14,15,16 	1
1,2,7,10,15,16,17 	34
1,2,3,7,10,15,16 	1055
2,7,14,15,16 	10
13,18 	34
1,2,3,7,10,15,17 	21
2,4,14,15,16,17 	1
1,2,3,4,5,8,10,11,14,15 	1
1,2,7,11 	1
1,2,7,10 	213
1,2,7,16 	22
1,2,7,15 	224
1,2,3,4,6,9,11,13,14,15 	1
1,2,7,14 	7
1,2,7,13 	1
1,2,4,6,9,11 	1
1,2,14,15,16 	2110
1,2,3,4,7,8,12,14,15,16 	6
1,2,5,12,13,14,15,16 	1
1,2,3,4,6,7,8,10,11,13,14,15,16 	1
2,3,7,11,15,16 	4
1,2,5,6,7,9,10,14 	1
1,2,5,6,7,8,9,10,11,16,18 	1
1,2,4,10,12,13,15,16 	2
1,3,8,14,16 	2
1,2,5,6,10,11,13,15,16 	9
1,2,4,5,6,9,10,11,13,14,15,16 	2
1,2,5,6,10,11,13,15,18 	5
1,2,4,5,6,9,10,11,13,14,15,18 	1
1,3,4,12,14,16 	5
1,2,5,9,10,11,13,14 	21
1,4,8,9,11,16 	1
1,2,4,5,6,9,10,11,16,18 	1
1,2,4,5,6,9,10,11 	1
1,2,4,5,8,10,14,15,17 	2
1,2,3,4,6,8,10,11,13,14,15 	1
1,2,4,5,8,10,14,15,16 	214
1,2,4,5,6,8,9,10,11,18 	1
1,2,5,9,10,11,13,16 	2
1,2,5,9,10,11,13,18 	10
1,2,4,5,6,8,9,10,11,13 	3
1,2,3,5,10,14,15,16,18 	7
1,2,3,5,10,14,15,16,17 	667
1,2,4,10,11,14,16,18 	4
1,2,3,5,7,10,12,14,15 	8
1,2,4,6,9,10,11,13,14 	9
1,2,5,8,10,13,14,15 	4
1,2,4,6,9,10,11,13,16 	1
1,2,4,6,9,10,11,13,18 	5
1,2,5,8,10,13,14 	24
1,2,3,4,6,7,10,12,14,16 	25
1,2,4,5,6,8,9,10,11,13,14,15,16,18 	1
1,2,3,4,5,6,7,10,11,14,15,16 	11
1,2,5,9,10,11,13,14,15,18 	2
1,2,5,9,10,11,13,14,15,16 	2
1,2,4,5,7,10,11,12,15,16,17 	1
1,2,4,8,9,11,13,18 	1
1,2,3,4,7,12,15,16,17 	575
1,2,3,4,5,9,10,12,14,15,16,17 	5
1,2,4,11,13 	2
1,2,4,5,6,8,10,14,15,16,17 	2
1,2,4,11,15 	2
1,2,4,11,14 	24
1,2,3,4,5,7,12,15,16,17 	1
2,3,12,15,16,17 	436
1,2,3,4,9,14,16 	8
1,2,4,11,18 	1
1,2,4,6,7,8,9,10,12,14,15,16,17 	7
1,2,3,4,5,9,10,14,15 	7
1,3,7,12,16 	1
1,2,3,4,6,11,13,14,15,16,18 	1
1,2,3,4,6,9,10,12,13,14,15,16 	1
1,2,3,4,8,14,15,16,17 	2
1,2,3,4,5,7,10,15 	1
1,2,3,4,5,7,10,14 	1
1,2,3,6,8,9,14 	1
1,2,5,8,10,11,14,15 	2
1,10,13,18 	1
1,10,13,15 	1
1,10,13,14 	68
1,4,5,6,10,14,16 	1
1,2,3,5,8,10,11,12,14,15,16 	2
1,2,5,10,11,12,13,14,15,16,18 	4
1,2,4,5,6,7,8,9,10,11,13,14,16 	1
1,2,3,5,7,8,10,12,14,15,16,17 	19
1,2,9,10,11,14,18 	17
1,5,11,18 	246
2,3,14,16 	30
1,2,4,5,9,10,11,13,14,15,16 	2
2,3,14,15 	416
1,2,5,8,10,11,14,18 	10
1,2,3,7,10,12,13,15,16 	1
1,2,9,10,11,14,15 	1
1,2,5,6,10,13,15,16,18 	2
1,2,6,11,14 	24
1,2,6,11,13 	3
1,3,4,9,14,16 	1
1,2,3,6,10,14,15,16,18 	3
1,2,3,6,10,14,15,16,17 	6
1,2,6,11,18 	1
1,2,5,6,8,11 	1
1,2,5,6,8,10 	8
1,2,5,6,8,18 	1
1,2,5,6,8,16 	1
1,2,5,6,8,14 	57
1,2,4,5,10,11,14,16,18 	1
1,3,5,15,16 	1
1,3,6,8 	16
1,5,8,9,10,14,17 	1
1,2,4,5,10,13,15,16,18 	15
1,2,5,7,9,10,11 	1
1,3,4,6,12,14,16 	7
1,2,4,5,6,7,8,10,12,15,16 	2
1,2,3,5,6,8,10,14,15,16 	15
1,2,15,16,17 	11
1,2,3,4,5,10,11,14,15,16,18 	71
1,2,6,10,14,15,16 	167
11,15,16 	2
1,2,5,6,7,10,12,14,15,16,17 	1
1,2,7,10,12,13,15,16 	4
1,2,4,13 	3
1,2,3,4,5,7,9,10,11,12,14,15,16,18 	1
1,2,4,10 	191
1,2,4,11 	5
1,2,4,16 	27
1,3,6,10 	5
1,3,6,11 	1
1,2,4,14 	50
1,2,4,15 	669
1,2,4,9,14,15,16 	1
1,3,6,14 	35
1,3,6,16 	2
1,2,3,4,5,9,10,11,14,15,16 	2
1,2,9,10,14,15,16 	222
1,2,3,5,6,10,14,15 	99
1,2,5,10,16,17 	2
1,2,3,4,8,10,11,12,14,15,16 	1
1,2,4,7,13,15,16 	11
1,2,4,5,7,10,12,14,15,16,17 	69
1,2,3,5,6,10,14,16 	42
1,2,3,4,10,12,13,15,16 	1
1,2,3,5,9,10,11,14,15,16 	8
1,2,6,7,8,9,10,11,12,14,18 	1
1,2,3,8,10,11,13,14,15 	4
1,2,6,7,8,9,10,11,12,14,16 	1
1,2,5,8,10,13,14,15,16 	4
1,3,5,6,8,10 	1
1,2,3,5,9,10,11,14,15,18 	1
1,3,5,6,8,14 	10
1,2,3,7,8,10,14,15,16,17 	2
1,2,3,4,7,10,11,14,15,16,18 	19
3,15,16 	547114
3,15,17 	76670
1,2,5,8,10,11,13,15,18 	1
1,2,3,4,7,8,10,14,15,16,17 	604
1,2,6,9,10,11,13,18 	9
1,2,3,4,5,7,9,10,12,13,14,15,16 	5
1,2,6,9,10,11,13,14 	20
1,2,6,9,10,11,13,16 	2
1,2,3,10,14,15,17 	1071
1,3,4,6,8,12,14,16 	1
1,2,3,10,14,15,18 	41
1,2,3,10,14,15,16 	26577
1,2,3,5,8,9,10,12,13,14,15,16 	1
1,2,3,4,9,10,11,14,15,16,18 	15
1,2,3,4,5,6,7,8,9,10,14,15,16 	9
1,2,4,7,10,14,16 	227
1,2,3,6,8 	8
1,2,4,7,10,14,15 	2452
1,2,3,4,6,7,9,14,15,16 	1
1,2,5,6,8,14,16 	2
1,2,4,7,10,14,17 	1
1,2,3,5,8,10,14 	26
1,3,11,15 	16
1,2,3,4,9,10,11,13,14,15,16,18 	3
1,8,9,14 	1
1,2,4,6,8,9,10,11,13,14,15,16 	1
1,2,6,8,10,14,15 	8
1,2,3,4,9,10,12,14,15,16 	21
1,8,9,17 	1
1,2,3,15,16 	2943
1,2,3,4,14,15,16,17 	34
1,2,3,4,14,15,16,18 	1
1,2,4,5,7,10,11,14,15 	1
1,2,3,8,10,12,13,14,15,16 	2
1,2,4,5,8,10,12,14,15,16 	29
1,2,5,6,10,11,13,18 	32
1,3,6,8,9,14 	7
1,2,5,6,9,10,11,13,14,18 	7
1,2,5,6,10,11,13,16 	1
1,2,5,6,9,10,11,13,14,16 	3
1,2,5,6,10,11,13,15 	5
1,2,5,6,10,11,13,14 	291
1,3,6,8,9,10,14 	1
1,2,4,8,10,12,13,14,15,16 	2
1,2,7,13,15,16 	1
1,2,4,5,6,7,8,10,15,16,17 	2
1,5,6,14,18 	1
1,2,5,6,9,10,11,13,14,15 	2
1,2,5,6,9,10,13,14 	12
1,2,4,7,10,13,15,16,17 	2
1,2,3,6,10,11,13,14,15 	84
1,2,4,5,7,10,11,13,14,15,18 	1
1,2,3,4,5,7,8,10,14,15,16,17 	923
2,3,4,7,10,14,15,16,17 	1
1,2,4,5,6,7,8,9,10,11,14,15,16,18 	1
1,2,3,4,5,6,7,9,10,11,12,14,15,16 	14
9,10,11 	469
9,10,14 	9
1,2,3,5,11,14,15,16 	1
1,2,3,4,7,10,11,13,14,15,16,18 	18
1,2,3,4,6,10,11,12,14,15,16 	4
1,2,5,6,9,10,11,13,14,15,16,18 	4
1,2,3,5,11,14,15,18 	4
1,2,6,10,11,14,16 	1
1,2,3,4,6,8,9,10,11,14,15 	1
1,2,6,10,11,14,18 	124
1,2,4,5,11,14,15,16 	1
1,2,4,5,6,7,8,12,15,16 	1
1,2,4,14,15,16 	181
1,2,3,4,5,6,8,9,10,11,13,14,15 	1
1,2,3,7,10,13,14,15 	10
1,2,6,10,11,14,15 	15
1,3,4,11,15 	1
1,3,4,5,6,8,10,14,16 	1
1,3,4,6,9,14,16 	2
1,2,5,6,7,10,11,13,18 	1
1,2,4,5,7,8,12,15,16,17 	1
1,2,3,5,8,14,15,16 	3
1,2,3,4,6,7,9,10,11,14,15 	2
1,2,3,15,17 	117
1,2,3,4,10,11,15 	4
1,2,4,10,12,14,15 	13
1,2,4,10,12,14,16 	2
1,2,4,7,10,13,14,15 	27
1,5,6,10,11,13 	1
1,5,6,10,11,18 	4
1,2,7,10,14,15 	1547
1,2,7,10,14,16 	36
1,2,6,8,9,10,11,13,18 	1
1,2,6,10,11,13,15,18 	2
1,2,6,10,11,13,15,16 	11
1,2,5,6,9,13,14,15 	1
1,2,4,5,6,7,8,9,10,11,13,16 	1
1,5,9,10,18 	1
10,11,13,18 	1
7,9,11,12,18 	1
1,5,9,10,14 	12
1,2,3,6,13,14,15,16 	1
1,2,5,6,7,9,10,11,12,14,16,18 	1
1,2,4,6,7,10,12,14,15,16,17 	6
1,2,3,6,8,9,10,14,16 	1
1,2,4,11,14,18 	2
1,6,9,13,18 	4
1,2,3,4,9,10,14,15,16 	13
1,2,3,4,6,9,13,14,16 	1
1,2,12,15,16,17 	6
1,2,4,11,14,15 	2
1,2,4,11,14,16 	2
1,2,5,7,9,10,12,14,15,16,17 	2
1,2,3,12,15,16 	525
1,2,3,4,10,13,14,15,16,17 	1
1,2,3,6,9,10,13,14,15 	2
1,2,3,4,10,13,14,15,16,18 	2
1,2,3,5,6,7,9,10,14,15,16,17 	2
1,2,5,6,10,12,13,14,15,16,17 	1
1,2,5,6,9,10,11,13,14,15,18 	1
1,2,5,6,9,10,11,13,14,15,16 	3
1,2,5,9,10,11,13,14,15,16,18 	4
1,2,3,5,7,9,10,12,13,14,15,16 	1
1,2,5,6,10,12,13,14,15,16 	10
1,2,8,10,14,15,16,17 	9
1,2,3,5,9,10,11,14,15,16,18 	2
1,2,4,9,10,11,13,15,16,18 	1
1,2,3,5,8,9,10,13,14,15,16 	2
1,2,4,6,10,14,15,16,17 	5
1,2,3,5,9,10,13,14,15 	2
1,2,3,5,7,12,14,15,16,17 	1
1,2,3,6,10,12,13,14,15,16 	2
1,2,4,10,15,16 	1098
1,2,5,8,10,12,13,14,15,16 	21
1,2,4,10,15,17 	4
1,2,3,4,6,7,8,14,15 	1
1,2,4,10,13,15,16,17 	1
1,2,3,5,7,8,10,14,15,16,17 	8
1,2,4,5,7,10,15,16 	56
1,2,3,4,7,10,12,14,15,17 	10
1,2,3,4,7,10,12,14,15,16 	15821
1,2,9,10,15,16 	1
1,2 	2253877
1,2,4,10,13,15,16,18 	17
1,3 	186
1,4 	1
1,5 	59643
1,6 	22018
1,2,3,7,8,10,12,13,14,15,16 	1
1,8 	1543
1,9 	1351
1,2,3,7,14,15,16,17 	28
1,2,3,4,7,9,12,14,15 	1
1,2,11,13,15 	4
1,2,7,8,10 	1
1,2,11,13,14 	1993
1,2,3,5,6,7,10,11,14,15 	1
1,2,12,14,15,16 	211
1,2,3,7,14,15,16,18 	1
1,2,4,5,7,8,9,10,12,14,15,16 	2
1,2,11,13,16 	1
1,2,11,13,18 	12
1,2,6,7,9,10,11,13,14 	2
1,2,3,4,5,7,10,11,14,15,16 	26
1,3,4,5,10,14,16 	2
1,2,6,7,9,10,11,13,16 	1
1,2,4,5,6,10,13,15,16 	3
1,2,6,7,9,10,11,13,18 	1
1,2,9,14,15,16 	1
1,2,5,6,7,9,10,11,14,18 	2
1,2,3,4,5,6,10,11,13,14,15 	43
1,2,3,5,6,8,9,10,11,13,14,15,16 	1
1,2,4,5,7,10,11,12,13,15,16,18 	1
1,2,3,5,6,8,9,10,11,13,14,15,18 	1
1,10,11,13,18 	27
1,2,6,9,11,13,18 	2
1,2,4,5,7,10,11,14,15,16 	3
1,10,11,13,14 	4
1,2,4,5,7,10,11,14,15,18 	1
1,2,3,4,5,8,10,14,15 	107
1,2,3,4,5,8,10,14,16 	20
1,2,4,5,6,8,9,10,11,13,18 	2
1,2,4,5,6,8,9,10,11,13,14 	2
1,2,4,5,6,8,9,10,11,13,16 	1
1,2,4,6,10,11,13,15,16 	5
1,2,4,6,9,10,11,13,14,15,16 	4
1,2,4,6,10,12,14,16 	2
1,2,4,6,10,11,15,18 	4
1,2,3,4,5,6,7,8,9,10,11,12,14,15,16,18 	1
1,2,3,10,11,14,15 	5985
1,2,3,4,7,9,10,14,15 	1
1,2,3,4,5,6,7,8,9,10,13,14,15,16 	1
1,2,3,4,6,7,9,11,12,14,15,16 	1
1,2,3,4,7,9,10,12,13,14,15,16 	9
1,2,10,12,14 	4
1,2,6,9,11,13,14 	1
1,2,10,12,15 	7
1,2,3,4,6,7,9,10,14,15,16 	7
1,2,6,9,10,11,13,14,15,18 	2
2,11,15 	70
1,2,4,7,8,10,15,16 	6
1,4,6,8,14,16 	3
2,11,16 	3
1,2,5,11,13,15,18 	1
2,11,14 	19
1,2,3,4,6,9,10,13,14,15 	1
1,2,3,5,6,7,10,11,13,14,15 	2
1,2,4,5,6,7,8,9,10,11,12,14,15,16,18 	9
1,2,3,5,6,8,14 	31
1,2,5,7,10,12,15,16,17 	6
1,2,5,6,7,10,11,12,13,14,15,16,18 	1
1,2,5,8,10,11 	4
1,2,3,4,6,8,9,10,12,13,14,15,16 	1
1,2,5,8,10,13 	3
1,2,5,8,10,14 	2220
1,2,5,6,8,9,10,11,14,16 	1
1,2,5,8,10,15 	3
1,2,5,8,10,16 	1
1,2,5,8,10,17 	4
1,2,4,5,7,9,10,14,15,16,17 	3
1,2,5,8,10,18 	1
1,2,4,5,6,13,16 	1
1,2,7,10,12,14,15 	10
1,2,6,8,9,10,11,13,14 	2
1,2,3,4,7,10,11,12,13,14,15,16 	3
1,2,5,6,8,9,10,11,14,18 	6
1,3,4,6,14 	1
10,11 	44915
1,3,4,6,16 	6
1,2,3,5,10,11,13,15,16,18 	5
1,2,3,4,6,7,8,9,10,11,13,14,15,16,18 	1
1,2,3,4,6,9,10,11,12,14,15,16 	1
1,2,4,5,6,10,11,14,15,16 	5
1,2,4,5,6,10,11,14,15,18 	1
10,14 	1215426
1,2,3,4,5,6,9,10,11,12,14,15,16 	1
1,2,3,4,5,10,15,17 	1
1,2,3,4,5,10,15,16 	5
1,2,3,4,5,6,7,8,9,10,11,12,14,15,16 	1
1,2,10,11,13,14,15,18 	165
1,2,10,11,13,14,15,16 	832
1,2,4,7,9,10,12,14,15,16,17 	12
1,2,5,6,9,10,13,14,15 	1
1,2,4,9,11,14 	1
1,2,4,9,11,13 	1
1,2,3,4,12,13,15,16,17 	1
1,2,3,5,6,9,10,12,13,14,15,16 	9
1,2,3,4,5,6,8,10,11,13,14,15 	2
1,2,3,4,5,6,10,14,15,16 	151
1,2,4,8,10,14,15,16,17 	10
1,2,4,6,7,8,10,14,15,16,17 	1
1,2,4,6,7,8,10,14,15,16 	4
1,2,3,4,9,12,14,16 	1
1,2,6,8,13,14 	2
1,2,3,5,6,8,10,14 	15
1,2,3,4,5,6,7,10,11,13,14,15 	1
1,2,3,4,5,9,10,14,15,16 	23
1,2,4,5,6,7,9,10,11,12,14,15,16 	2
2,3,7 	2
1,2,3,4,5,6,7,9,10,14,15 	1
1,2,3,4,5,10,12,14,15,16 	976
2,3,4 	19
1,2,10,11,13,14,18 	10715
1,2,3,6,10,15,16 	1
1,2,6,8,13,16 	1
1,2,10,11,13,14,16 	18
1,2,5,9,14,17 	1
1,2,10,11,13,14,15 	624
1,2,3,4,5,6,7,9,10,12,14,15,16 	77
1,2,3,5,6,7,10,12,13,14,15,16 	1
1,2,3,10,11,13,15,16 	7
1,2,3,10,11,13,15,18 	3
3,4,14,15,16 	2
1,3,8,9,10,14 	1
1,2,4,13,14,16 	1
2,3,5,10,14,15,16 	1
1,2,4,13,14,15 	6
1,2,4,5,7,8,10,13,15,16 	1
1,2,7,12,14,15,16 	46
1,2,6,7,9,11,16 	1
1,2,5,6,7,8,9,10,11,12,14,15,18 	1
2,14,16 	1
2,14,15 	198
1,2,4,6,7,10,11,13,14,15,16 	1
1,2,3,4,6,9,11,14,15 	1
1,2,3,4,5,6,7,8,10,12,14,15,16 	56
1,2,3,5,6,10,12,13,14,15,16 	7
1,2,3,4,6,9,11,14,16 	1
1,2,4,5,6,7,8,9,10,11,14,15,16 	1
1,2,7,10,12,13,14,15,16 	14
1,3,14,16 	19
1,3,14,15 	3
1,2,4,8,10,15,16,17 	4
1,2,5,6,10,11,13,14,15,16,18 	21
2,3,4,5,7,10,14,15,16,17 	1
1,2,5,7,10,15,16 	27
1,2,4,7,10 	98
1,2,3,4,6,13,14,16 	63
1,2,4,7,14 	3
1,2,4,7,15 	275
1,2,4,7,16 	6
1,2,10,12,14,15,16,17 	67
1,2,10,12,14,15,16,18 	3
1,2,4,6,7,8,9,10,12,14,15,16 	3
1,2,5,6,7,9,10,11,14,16,18 	3
1,4,10,16 	8
1,2,3,4,5,7,8,9,10,12,13,14,15,16 	2
1,4,10,14 	1
1,2,3,4,5,14 	1
1,6,10,11,18 	1
1,2,3,6,7,9,10,11,14,15 	1
1,2,3,5,6,9,10,11,13,14,15 	13
1,5,14,18 	18
1,5,14,17 	5
1,2,3,7,13,14,15 	1
1,2,4,6,9,10,11,13,14,18 	1
1,2,4,6,7,11,13,15,16 	1
1,2,3,4,6,10,12,14,15,16 	32
1,9,10,11,14,15,16 	1
1,2,4,10,11,13,15,16 	17
1,2,6,7,10,11,13,16,18 	1
1,2,7,9,10,12,14,15,16,17 	2
1,2,4,6,7,9,10,11,13,14,15,16 	1
1,2,4,5,8,10,15,16,17 	1
1,2,4,8 	1
1,2,3,5,6,9,14,16 	4
1,2,4,7 	11
1,2,4,6 	1
1,2,4,5 	2
1,2,3,4,5,6,7,10,11,12,14,15,16 	3
1,2,4,10,11,13,15,18 	8
1,2,10,13 	18848
1,2,10,14 	1692862
1,2,10,11 	21741
1,2,10,17 	28
1,2,10,18 	407
1,2,10,15 	4104
1,2,3,5,6,10,11,14,15 	53
1,2,10,16 	160
1,2,3,5,6,11,13,14,15,18 	1
1,11,14,18 	13
1,2,3,7,11,14,15 	1
1,2,4,7,8,10,14,15,16,17 	3
1,2,5,10,13,18 	143
1,2,3,11,13,14,15,16,18 	4
1,2,7,11,13,16,18 	1
1,2,3,4,10,11,14,16 	2
3,11,15,16 	182
1,2,3,4,10,11,14,15 	726
1,3,5,10,14,16 	1
1,2,3,4,6,8,14,15,16 	1
1,2,4,5,10,11,13,15,16,18 	33
1,3,9,14 	4
1,2,3,4,9,10,14,16 	1
1,2,5,8,10,12,13,14,15,16,17 	1
1,2,3,4,7,8,9,10,14,15,16,17 	14
1,2,5,10,13,15 	45
1,2,5,10,13,14 	40668
1,2,5,10,13,17 	2
1,2,5,6,7,8,9,10,11,13,14,18 	1
1,2,3,5,6,10,11,14 	2
1,2,3,4,5,6,8,12,13,14,16 	1
1,2,3,5,6,10,11,15 	1
1,2,3,6,9,10,11,13,14,15 	6
1,2,3,4,5,6,10,11,14,15,16,18 	25
1,3,6,11,15 	2
1,2,5,6,10,11,12,13,14,15,16 	2
1,2,3,5,6,10,13,14,15 	27
1,2,3,5,6,10,13,14,16 	2
1,3,6,11,14 	1
1,2,5,7,14,15 	2
1,2,3,6,8,10,14 	17
1,2,3,4,7,9,14,15,16,17 	1
1,2,3,4,6,10,14,15,16 	119
1,2,6,8,10,13,14,15 	1
1,2,3,6,8,10,13,14 	1
1,2,3,6,7,8,10,12,14,15,16,17 	2
1,2,4,5,6,8,9,10,12,14,15,16 	1
1,2,3,4,5,7,12,14,15,16,17 	5
1,2,3,4,5,6,7,10,13,14,15 	1
1,2,5,8,10,14,15,16 	499
1,2,5,8,10,14,15,17 	10
1,2,4,7,10,11,16 	1
1,2,4,7,10,11,15 	8
1,2,4,6,8,10,14,15,16 	7
1,2,3,10,13,14,15,16,17 	13
1,2,5,7,10,11,12,14,15 	1
1,2,4,6,8,10,14,15 	3
1,2,3,5,7,11,13,14,15,18 	1
1,4,6,14,16 	1
1,2,3,10,13,14,15,16,18 	3
1,2,3,5,6,10,11,14,15,16 	91
1,6,10,18 	2
1,2,3,4,5,7,10,11,12,14,15,16 	40
1,2,3,5,6,10,11,14,15,17 	1
1,2,3,5,6,7,14,15 	1
1,2,6,7,10,13,15,16 	1
1,6,10,15 	1
1,2,4,6,8,10,14,16 	4
1,2,3,4,10,12,13,14,15,16 	18
1,2,5,6,10,13,14,15,16 	49
1,2,3,4,5,7,10,12,14,15 	12
1,2,3,4,12,14,15 	5
1,2,3,4,5,7,10,12,14,16 	3
1,2,5,10,13,14,15,16,17 	5
1,2,3,4,12,14,16 	106
1,6,10,14 	87
1,2,3,5,6,10,11,14,15,18 	32
1,2,3,4,7,8,9,12,14,15,16 	1
1,6,10,11 	7
1,2,7,12,15 	1
1,2,3,4,7,12,14,15,16 	248
1,2,4,8,15,16 	2
1,2,5,6,8,10,15,16 	2
1,2,5,10,12,13,14,15,16 	319
1,2,5,6,9,10,11,14,18 	10
1,2,5,6,9,10,11,14,15 	6
1,2,5,6,9,10,11,14,16 	1
1,2,3,4,5,14,15,16 	18
1,2,5,8,10,12,15,16 	1
1,2,4,8,9,10,14,16 	1
1,2,5,7,10,11,13,14,15,16,18 	1
1,3,5,10,11,15,18 	2
2,3,4,15,16,17 	2604
1,3,5,10,11,15,16 	1
1,2,3,12,15 	1
2,12,15,16,17 	6
1,2,5,6,7,10,15 	1
1,2,6,8,10,11,14 	4
1,2,3,4,8,15,16 	1
1,2,6,8,10,11,13 	3
1,2,5,6,7,10,14 	10
1,2,3,4,6,7,8,9,12,14,15,16,17 	1
1,2,3,4,8,9,10,13,14,15,16 	1
3,4,12,15,16 	61502
1,2,3,5,7,10,11,14,15,16 	11
1,2,4,6,8,10,12,15,16 	1
3,4,12,15,17 	75
1,5,8,10 	44
1,2,3,4,5,10,12,14,15,17 	1
1,5,8,14 	26
1,2,3,5,10,11,13,14 	2
1,5,8,17 	2
3,4,14,15,16,17 	1
1,2,3,5,7,8,10,14,15,16 	16
1,2,3,5,10,11,13,15 	7
1,2,3,4,5,6,7,10,11,14,15 	1
2,3,4,7,14,15,16,17 	83
1,2,5,6,9,10,13 	5
1,2,5,6,9,10,14 	173
3,9,11 	173
1,2,5,6,9,10,11 	9
3,9,14 	4
1,2,3,4,10,13,14,16 	40
1,2,3,6,9,10,11,12,14,15,16,18 	2
1,2,3,4,10,13,14,15 	36
1,2,5,8,11,14,18 	1
1,2,3,4,5,6,8,10,11,14,15,16,18 	1
1,2,4,5,7,9,10,13,14,15 	1
1,2,3,4,8,9,14,16 	8
1,2,5,10,11,13,14,16,18 	2
1,3,6,8,9 	1
1,2,3,4,10,14,16 	1216
1,2,4,6,7,9,10,12,14,15,16,17 	6
1,2,6,7,10,12,14,15,16 	1
1,2,3,4,10,14,15 	3161
1,2,3,6,14,15,16 	15
1,2,3,4,7,8,9,10,12,14,15 	1
1,2,3,4,5,6,8,13,14,16 	2
1,8,10,14 	157
1,2,3,4,7,10,12,14,16 	13
1,2,3,4,7,10,12,14,15 	51
1,2,3,9,11,12,14,15,16 	1
1,2,3,10,12,15 	5
1,2,6,8,10,11,14,18 	2
1,2,5,6,9,10,11,12,13,14,15,16 	1
1,2,5,6,7,8,9,10,11,12,14,15,16,18 	1
1,2,3,7,12,13,15,16,17 	1
