2,10,12 	1
1,3,4,6,8,9 	2
1,2,3,4,8,9 	8
2,4,11 	78
2,4,12 	957
2,10,11 	16
1,2,5,7,8,10,12,13 	2
1,2,3,5,6,8,9,10,11,12,13 	1
8,10 	15309
1,2,3,4,6,7,8,12 	3
8,11 	3
1,2,3,4,6,7,8,10 	85
1,2,4,5,7,10,12,13 	14
1,3,10,11 	8
1,3,10,13 	1
1,2,3,5,7,8,10,12,13 	2
1,2,3,6,8,9,10,13 	1
1,2,4,6,8,9,10,13 	1
1,2,4,6,8,9,10,12 	1
1,2,3,4,5,7,10,12,13 	41
1,2,4,6,8,9,10,11 	5
1,2,3,4,9,10,11 	31
1,2,3,4,9,10,12 	28
1,2,3,6,8,9,10,11 	2
1,2,3,4,9,10,13 	1
1,2,4,5,10,11 	160
1,2,4,5,6,7,9,10,12 	22
1,2,4,5,10,13 	203
1,2,4,5,10,12 	663
1,2,5,6,8,9,10,13 	2
1,2,4,5,6,7,9,10,11 	10
1,2,4,5,6,7,10,13 	9
1,2,3,4,5,6,7,8,10,12 	255
1,2,5,6,8,9,10,11 	22
1,2,5,6,8,9,10,12 	1
1,2,4,5,7,8,10,11,12 	1
1,2,3,4,5,6,7,8,10,13 	3
1,2,4,5,9,10 	16
1,2,7,10,11 	73
1,2,3,7,8 	1
1,2,3,5,6,8,9,10 	3
1,2,3,6,7,9,10,11,12 	9
1,2,7,10,11,13 	33
1,2,7,10,11,12 	3
1,2,7,10,13 	75
1,2,7,10,12 	3033
1 	220139
1,2,3,4,9,10,11,13 	21
1,2,3,4,9,10,11,12 	3
2 	198368
3 	5715102
2,3,4,11 	35
2,3,4,12 	2394
4 	1551353
1,2,3,5,6,8 	50
5 	11
1,2,3,5,6,7 	1
6 	545
7 	5836
1,2,3,5,6,9 	7
8 	97418
9 	3609
1,2,5,11,13 	329
1,3,5,6 	55
6,8 	8
1,6,9,10,11,13 	2
1,2,3,4,12,13 	7
1,2,4,7,8,10,12 	59
1,2,4,7,8,10,13 	1
1,2,3,4,7,11,12 	1
1,2,6,7,9,11 	2
1,2,6,7,9,10 	5
1,2,3,4,7,11,13 	1
1,3,7,12 	1
1,2,3,4,7,8,10,12,13 	7
1,2,10 	2268166
1,2,11 	17210
1,2,12 	1355
1,2,13 	46088
1,2,4,5,7 	8
1,2,4,5,6 	17
1,2,3,4,6,8,10,12 	40
1,2,4,5,8 	2
1,2,3,5,10,11,12 	19
1,3,4,5,6,10 	7
1,3,4,5,6,12 	3
1,2,3,5,10,11,13 	7985
1,2,3,6,11,13 	5
1,2,3,9,10,12,13 	1
1,2,3,4,5,6,8 	93
1,2,3,4,5,6,9 	11
1,3,4,5,6,8,10 	2
1,2,3,8,9,10 	1
1,3,4,5,6,8,12 	2
1,3,4,10,12 	2
1,2,3,7,8,10,12,13 	1
1,2,3,4,6,7 	10
1,2,3,5,6,7,8,9,10,11,13 	2
1,2,3,4,5,8,10,11,13 	2
2,5,10,11 	3
1,2,3,4,5,6,8,10,11 	2
1,2,3,4,6,9 	15
1,2,3,4,5,6,8,10,12 	47
1,2,3,4,6,8 	157
1,2,3,4,5,6,8,10,13 	4
1,2,5,6,7,10,11,12,13 	1
1,2,3,5,6,7,8,9,10,11,12 	1
1,2,5,7,9,10,11,13 	4
1,2,3,8,10,11 	18
1,2,3,8,10,12 	105
1,2,4,6,7,8,9,10,11 	1
1,2,4,6,7,8,9,10,12 	10
1,2,3,8,10,13 	6
1,2,3,5,6,7,9,10,11 	3
1,2,3,5,6,7,9,10,12 	15
1,2,3,4,10,12,13 	25
1,2,8,9,10,11,13 	4
1,2,4,5,9,10,12 	9
1,2,4,5,9,10,11 	9
1,2,3,4,6,8,12 	22
1,2,4,5,9,10,13 	1
1,2,3,4,7,9,10,11,12 	15
1,2,3,4,6,8,13 	3
1,2,6,8,10,11 	7
1,2,3,4,7,9,10,11,13 	3
1,2,3,5,7,9,10,13 	3
1,2,3,5,7,9,10,12 	84
1,2,3,5,7,9,10,11 	2
1,2,6,8,10,13 	4
1,2,3,4,6,8,10 	145
1,2,5,6,9,10,11,12,13 	1
1,2,3,4,5,6,7,8,10,12,13 	5
1,2,4,7,8,10,12,13 	1
1,6,9,10,11 	3
1,2,3,5,6,10,11 	215
1,2,3,5,6,10,12 	45
1,2,3,5,8,9,12 	1
1,2,3,5,8,10,11,13 	13
1,2,6,7,9,10,11,12 	2
1,2,3,5,8,10,11,12 	2
1,2,4,5,6,7,8,9,10,11,13 	6
1,2,3,10 	67106
1,2,3,7,9,10 	28
1,2,4,5,6,7,8,9,10,11,12 	14
1,2,6,7,9,10,11,13 	8
1,2,3,12 	811
1,2,3,5,6,10,13 	80
1,2,4,6,9,11,13 	2
1,2,3,5,8,9,10 	5
1,2,3,11 	576
1,2,3,13 	343
1,6,8,9,11,13 	1
1,2,3,4,5,6,7,10 	431
1,2,4,6,12,13 	1
9,11,13 	12
9,11,12 	38
1,2,3,5,6,7,10,12 	31
1,2,3,4,5,6,7,12 	1
1,2,4,7,8 	5
1,2,3,5,6,7,10,11 	4
1,2,4,8,9,10,12 	1
1,2,4,5,6,8,9 	3
1,2,4,8,9,10,13 	1
1,2,3,4,5,6,7,8,9,10,11,12 	2
1,2,3,6,7,8,9,10,12 	4
2,3,6,10 	1
1,2,5,6,10,11,12,13 	2
1,2,3,4,7,8,9,10,12 	77
1,2,5,7,10 	1859
1,2,5,7,13 	2
1,2,5,7,12 	7
1,2,3,4,5,6,7,8,9,10,11,13 	1
1,4,5,6,8 	2
1,2,6,9,10,11 	79
1,2,5,9,10 	813
1,2,5,9,11 	1
1,2,3,4,5,6,8,9,10,12 	2
1,2,3,5,7,8,10,12 	41
1,2,4,5,6,9,10,11,13 	43
1,2,3,4,5,6,8,9,10,11 	4
1,4,11 	2
1,4,10 	10
1,3,5,6,11 	1
1,3,5,6,10 	9
1,2,6,9,10,13 	23
1,2,6,9,10,12 	18
1,2,3,6,7,10 	29
1,2,3,4,5,6,9,10,11 	6
1,2,7,9,11 	1
1,2,7,9,10 	21
1,2,5,6,7,8,9,10,13 	2
1,2,3,6,10,12,13 	4
1,2,3,4,5,6,9,10,12 	20
1,2,3,4,5,6,9,10,13 	1
1,2,3,6,7,8,10,12 	3
1,2,3,4,5,6,10 	388
1,5,6,9,10 	5
1,5,6,9,11 	3
1,3,5,6,10,11 	3
1,2,3,4,5,6,13 	27
1,2,3,4,10,13 	150
1,2,3,4,5,6,12 	51
1,2,3,4,10,12 	4064
1,2,3,4,10,11 	1951
2,3 	580033
2,4 	23848
1,2,5,6,7,8,9,10,11 	7
1,2,3,4,5,6,7,9,10,11,13 	4
1,2,3,4,5,6,7,9,10,11,12 	22
2,7 	12172
2,8 	88
1,2,3,4,5,6,8,10,11,13 	6
1,2,5,6,7,9,10,11,13 	13
1,2,5,6,7,9,10,11,12 	2
1,2,3,4,5,6,7,10,12,13 	12
1,2,3,4,6,7,8,9,10,12 	111
1,2,3,4,6,7,8,9,10,12,13 	3
1,2,3,4,5,6,10,11,13 	211
1,2,6,7,11,13 	1
1,2,3,5,6,7,10 	39
1,2,3,4,5,7,8,9,10,12 	138
1,2,3,4,5,6,10,11,12 	1
1,2,3,5,6,7,9,10 	4
1,2,5,6,10,12 	51
1,2,3,4,6,8,9,10,11,12 	2
1,2,5,6,10,13 	491
1,2,3,4,6,8,9,10,11,13 	4
1,2,5,6,10,11 	484
1,2,3,4,5,6,8,9 	6
1,12 	7
1,13 	3518
1,10 	259232
1,2,4,7,8,12 	2
1,11 	15048
1,2,5,6,7,10,11,13 	3
1,2,4,7,8,10 	159
1,2,3,7,9,10,11,12 	3
1,2,4,5,8,10,11,13 	1
1,2,3,4,5,6,9,10 	7
1,2,3,4,5,6,9,12 	2
1,2,4,8,10,12,13 	2
1,2,4,6,10,11 	49
1,2,4,6,10,12 	12
1,2,4,6,10,13 	28
1,3,5,11 	2
1,3,5,10 	13
1,2,6,9,10,12,13 	4
1,2,3,4,8,12 	2
1,2,6,8,9,10 	3
1,2,3,4,8,10 	1578
1,2,3,4,6,11,13 	3
1,2,3,5,6 	359
1,3,4,5,9,10,13 	1
1,2,3,5,8 	14
1,2,10,11,12,13 	9
1,2,3,5,7 	8
1,2,5,7,8,10 	7
1,2,3,4,8,10,11 	1
1,2,4,5,7,8,10 	119
1,2,5,7,10,13 	41
1,5,6,11,12 	1
1,2,4,5,7,8,12 	1
1,2,3,4,8,10,12 	205
1,2,5,7,10,11 	11
1,2,5,7,10,12 	1073
1,2,3,4,8,10,13 	2
1,2,3,6,9,10,12,13 	1
1,2,3,4,8,10,12,13 	1
1,2,5,7,10,12,13 	9
1,2,3,4,5,10,13 	53
1,2,3,4,5,10,12 	1373
1,2,3,4,5,10,11 	211
1,2,3,7,10,11,12,13 	1
1,2,3,4,5,6,8,12,13 	1
1,2,4,7,9,10,11,12 	1
1,2,4,7,9,10,11,13 	3
1,4,8,9,11 	1
1,2,3,5,7,10,12,13 	19
1,6,13 	109
1,6,10 	227
1,6,11 	163
1,2,3,4,5,6,7,8,9,10,12 	240
1,2,3,4,5,6,7,8,9,10,11 	1
1,2,4,5,13 	2
1,2,4,5,12 	4
1,2,4,5,11 	1
1,2,4,5,10 	3785
1,2,4,6,7,10,11,13 	2
1,3,5,8,10 	1
1,2,3,4,5,6,7,8,9,10,13 	1
1,6,8,13 	1
1,3,4,10,11,13 	1
1,6,8,11 	1
1,6,8,10 	7
1,2,3,4,5,10,12,13 	13
3,4,12 	82711
3,4,11 	122
1,4,8 	2
1,2,9,10 	836
1,4,6 	2
1,2,3,5,9,10,12,13 	4
1,2,3,4,5,9,10 	35
1,2,9,11 	25
1,2,9,12 	1
1,2,9,13 	1
1,2,4,5,7,8 	1
1,2,4,6,7,10 	56
1,2,3,5,7,10,11 	25
1,2,3,5,7,10,12 	1999
1,2,3,4,5,9,12 	1
1,2,3,5,7,10,13 	21
1,2,3,5,6,9,10 	46
1,2,11,13 	2900
1,2,4,7,9,10,13 	1
1,3,5,10,11 	3
1,2,4,7,9,10,11 	1
1,2,4,7,9,10,12 	47
1,2,4,6,8,9,10,11,13 	6
1,2,7,9,10,11,13 	6
3,12 	87338
1,2,3,4,6,7,9,10,12,13 	2
3,11 	21873
3,10 	9
1,2,3,5,7,12 	5
1,2,3,5,7,10 	3771
1,2,4,5,6,8,9,10 	1
1,2,3,6,8,9,10,11,13 	6
1,2,4,6,7,10,12,13 	1
1,2,4,7,8,9,10,12 	3
1,6,8,9,11 	2
1,2,3,7,8,9,10,12 	2
1,2,4,10,12,13 	15
1,2,3,4,6,12,13 	20
1,2,3,4,5,6,7,9,10,11 	10
1,2,3,4,5,6,7,9,10,12 	237
1,2,4,5,6,8,10,13 	1
1,2,4,5,6,8,10,12 	3
1,2,3,5,12 	3
1,2,6,7,8,9,10,11 	2
1,2,3,5,11,13 	42
1,2,3,5,13 	8
1,6,8,9,10 	1
1,2,3,4,5,6,7,9,10,13 	1
1,2,3,5,10 	13255
1,2,3,5,11 	10
1,2,3,4,5,7,8,9,12 	1
1,2,3,4,5,7,8,9,10 	62
1,2,5,6,8,10,12,13 	1
6,11,13 	150
1,2,3,6,8,10,11,12,13 	1
1,2,3,5,6,8,9,10,12 	1
1,2,3,5,6,8,9,10,11 	2
1,2,7,9,10,13 	2
1,2,7,9,10,12 	25
1,3,4,5,6,8,9 	1
1,2,7,9,10,11 	6
1,2,3,6,7,10,11,12 	2
1,2,3,4,5,7,9,10,12 	542
1,3,4,5,6 	19
1,2,5,6,9,11,13 	1
1,3,4,7,12 	2
1,2,3,4,5,7,9,10,11 	5
1,3,4,5,8 	1
1,2,3,4,5,6,7,9,12 	1
1,2,4,5,6,8,10 	16
2,3,6,10,11 	1
1,3,5,6,8,9 	3
1,2,3,4,5,6,7,9,10 	39
1,2,3,4,5,6,8,10,11,12,13 	1
1,2,4,6,7,8,10 	10
1,2,4,5,10,11,13 	426
1,2,4,5,10,11,12 	1
1,2,4,5,6,8,13 	1
2,9,11 	21
1,4,6,9,10 	1
1,10,13 	148
1,10,12 	1
1,10,11 	775
1,6,8 	129
1,10,11,13 	57
1,2,4,5,6,7,8,10,13 	1
1,2,4,5,6,7,8,10,12 	15
1,2,4,9,10,12 	2
1,2,4,9,10,13 	4
1,2,3,4,7,9,10,12 	345
1,6,9 	87
1,2,4,9,10,11 	45
1,2,3,4,7,9,10,13 	1
2,4,7 	21133
1,2,3,4,6,8,10,12,13 	2
1,2,3,6,7,8,10 	5
1,2,5,7,8,10,11 	1
1,2,5,7,8,10,12 	14
1,3,4,5,10 	2
1,2,3,4,7,10,12,13 	59
1,2,4,6,8,11,12 	1
1,2,3,4,5,6,12,13 	7
1,2,4,5,6,10,12 	20
1,2,4,5,6,10,13 	35
1,2,3,4,6,7,10,11,12,13 	1
1,2,4,5,6,10,11 	24
1,2,3,9 	13
1,2,3,4,6,7,10,12,13 	2
1,2,3,8 	138
1,2,3,7 	1854
1,2,3,6 	694
1,2,5,10,12,13 	336
1,2,3,5,7,10,11,12,13 	1
1,2,3,7,10,11,12 	42
1,2,4,7,12,13 	4
1,2,3,5 	198
1,2,3,7,10,11,13 	31
1,2,3,4 	3652
1,2,3,8,10,12,13 	3
1,2,4,8,10 	405
1,2,4,8,12 	1
1,2,5,8,10,11,13 	20
1,2,3,4,5,7,9,10,11,13 	3
1,2,3,4,5,7,9,10,11,12 	8
1,2,6,7,9,10,12 	1
1,2,6,7,9,10,11 	6
1,2,4,5,8,10,13 	1
1,2,4,5,8,10,12 	40
1,2,4,5,8,10,11 	1
1,2,6,7,9,10,13 	3
1,2,5,6,7,8,9,10,11,13 	5
1,2,5,6,7,8,9,10,11,12 	6
2,3,5,7,10 	1
1,2,3,4,6,10 	381
1,2,5,8,9,11 	1
1,2,4,6,10,11,12 	1
1,2,5,8,9,10 	6
1,2,3,4,6,12 	97
1,2,4,6,10,11,13 	67
1,2,3,4,6,11 	2
1,4,9,11,12 	1
1,2,3,4,6,13 	63
1,6,8,10,11 	1
1,2,3,4,5,6,7,10,11,12 	5
1,2,3,4,5,6,7,10,11,13 	17
1,2,3,4,5,9,10,12,13 	2
1,2,3,4,7,9,10,11 	5
1,2,3,4,6,10,11,12 	7
1,2,3,4,6,10,11,13 	164
1,2,8,10,12,13 	8
1,2,4,8,9,10,11,13 	1
2,3,4,5,7,10 	2
1,2,3,4,8,10,11,12,13 	1
1,2,3,4,6,9,10,11,13 	28
1,3,4,5,6,8 	3
1,2,3,11,12 	2
1,2,3,4,6,9,11,13 	1
1,2,4,9,10,11,13 	40
1,3,4,9,10 	1
1,2,3,4,6,9,10,11,12 	1
1,2,4,6,7,11,13 	1
1,2,3,5,7,9,10 	47
1,2,8,9,11,13 	1
2,7,12 	851
1,9,10 	40
1,5,11,13 	2
1,9,11 	260
1,2,3,5,6,7,10,11,13 	4
1,2,3,5,6,7,10,11,12 	1
1,2,5,7 	8
1,2,5,6 	1570
1,2,6,10,11,13 	470
1,2,5,6,7,8,10,12 	1
1,9,13 	73
1,3,4,5,6,9 	1
1,2,6,7,10 	14
1,2,5,9 	26
2,7,10 	1
1,2,5,8 	287
2,7,11 	3
1,2,3,4,6,8,9,10 	5
1,2,3,4,6,8,9,12 	2
1,4,6,10 	1
1,2,4,8,9,11,13 	1
1,2,7,12 	333
1,2,7,11 	2
1,2,7,10 	8205
1,2,3,4,5,7,8,10,12 	943
1,2,3,4,5,7,8,10,13 	7
1,2,7,13 	5
2,3,7,12 	2171
1,2,4,6,9,11 	3
2,3,7,11 	6
1,2,4,6,9,10 	2
1,3,4,6,8,12 	1
1,2,5,6,7,9,10,13 	1
1,2,5,6,7,9,10,12 	3
1,2,4,5,7,9,10,11,13 	3
1,2,5,6,9,10,11,13 	79
1,2,5,6,7,9,10,11 	12
1,2,9,11,13 	6
1,2,5,6,9,10,11,12 	10
1,2,4,5,6,10,11,12 	1
1,2,4,5,6,10,11,13 	81
1,2,4,5,6,7,9,10 	1
1,2,3,5,9,10 	129
1,2,3,5,9,11 	1
1,9,11,13 	264
1,2,4,5,6,9,10,12 	4
1,2,5,9,10,12,13 	15
1,2,4,5,6,9,10,11 	11
1,2,4,5,6,9,10,13 	7
1,2,3,11,13 	156
1,2,7,8,10,12 	14
1,2,3,5,6,10,12,13 	7
1,2,4,5,6,8,9,10,11,13 	15
1,2,4,5,6,8,9,10,11,12 	8
1,2,3,5,6,9,10,12,13 	9
1,2,3,4,7,8,10 	1309
1,6,11,13 	183
1,2,9 	69
1,2,8 	1438
1,2,3,4,6,7,8 	4
1,2,3,4,6,7,9,10,13 	1
1,2,3,4,6,7,9,10,12 	117
1,2,7 	1056
1,2,6 	3917
1,2,3,4,6,7,9,10,11 	15
1,2,5 	24037
1,2,3,7,11 	4
1,2,7,11,13 	1
1,2,3,7,10 	16494
1,2,5,10 	245411
1,2,3,4,6,7,9 	1
1,2,5,13 	1836
1,2,5,6,7,9,10 	6
1,2,3,7,13 	5
1,2,5,6,7,9,11 	1
1,2,5,11 	849
1,2,3,10,11,13 	13640
1,2,3,7,12 	505
1,2,5,12 	20
1,2,3,10,11,12 	63
1,2,5,6,10,12,13 	11
1,9,11,12 	10
1,2,3,7,11,12 	3
1,2,4,11,13 	15
1,2,5,6,8,9,10,11,12 	6
1,2,3,4,7,8,12 	8
1,2,3,4,5,6,9,10,12,13 	4
1,2,5,6,8,9,10,11,13 	26
1,2,3,4,5,8,10,13 	4
1,2,3,4,6,7,11,12 	1
1,2,3,4,5,8,10,12 	228
1,2,4,5,9,10,11,13 	20
1,2,3,4,6,7,11,13 	1
1,2,3,4,5,8,10,11 	2
1,2,3,4,5,7,9,10 	126
1,2,3,4,6,7,9,10,11,12,13 	1
1,2,7,8 	1
1,2,3,4,5,7,10,11,12 	47
1,2,3,4,5,7,10,11,13 	57
1,2,4,5,6,7,10,11,13 	3
1,2,3,7,9,10,11 	1
1,2,3,4,5,7,10,11 	37
1,2,3,4,5,7,10,13 	75
1,2,3,4,5,7,10,12 	12790
1,5,9,11 	3
1,2,3,4,5,7,8,10,12,13 	5
1,5,9,10 	15
1,2,4,7,8,9,10,12,13 	1
1,2,3,5,10,11,12,13 	5
1,2,3,6,8,9,10 	2
1,2,3,7,9,10,13 	1
1,2,3,7,9,10,12 	48
1,2,3,9,11,12 	1
1,2,4,5,6,13 	4
1,2,3,9,11,13 	1
1,2,4,5,6,12 	1
1,4,5,6 	2
1,2,4,5,6,10 	194
1,2,4,5,6,7,10,12 	55
1,2,4,5,6,7,10,11 	1
1,2,3,4,6,7,8,10,12 	134
1,2,3,4,6,7,8,10,11 	1
1,2,3,4,6,7,8,10,13 	1
11,12 	3
1,2,6,11,13 	26
2,5,10 	8
11,13 	20091
1,2,3,4,5,6,10,11 	58
1,2,3,4,5,6,10,12 	102
1,2,3,4,5,6,10,13 	11
1,2,5,6,8,11 	1
1,2,9,10,11,12 	1
1,2,5,6,8,10 	97
1,2,9,10,11,13 	93
1,2,6,9,11 	5
1,2,3,5,7,8,9,10,12 	4
1,2,6,9,10 	168
1,2,3,7,8,10,12 	27
1,2,4 	2052
1,2,3 	12572
1,2,3,4,9,12 	2
1,2,3,4,9,10 	18
1,3,6,8 	24
1,2,3,4,5,6,7,8,9,10 	58
1,2,5,7,9,10,13 	1
1,2,5,7,9,10,12 	29
1,3,6,9 	14
1,2,5,7,9,10,11 	4
1,2,3,10,11,12,13 	8
2,3,5,10,11 	1
1,2,6,10,11,12,13 	1
1,2,5,6,13 	77
1,2,5,10,11,12,13 	21
1,2,7,10,11,12,13 	1
1,2,5,6,10 	3522
1,2,4,5,6,7,8,9,10 	2
1,2,5,6,11 	40
1,2,5,6,12 	1
1,2,3,4,5,6,7,8,9,12 	1
1,2,5,12,13 	1
2,4,7,12 	1897
2,4,7,11 	5
1,2,4,12 	329
1,2,4,13 	53
1,2,3,4,7,12,13 	4
1,2,4,10 	13997
1,2,4,11 	47
1,3,6,10 	18
1,3,6,11 	6
1,2,3,4,5,7,8 	6
1,2,3,4,7,8,10,11,12 	1
1,2,6,9,10,11,12 	1
1,2,3,4,5,6,9,10,11,13 	46
1,2,3,4,5,6,9,10,11,12 	4
1,2,6,9,10,11,13 	52
10,11,13 	1
1,3,5,6,8,10 	1
1,3,5,6,8,12 	1
1,2,7,10,12,13 	19
1,2,5,6,9,13 	1
1,2,3,4,8,9,10,13 	1
1,2,3,4,9,10,12,13 	2
1,2,5,6,9,11 	3
1,2,3,4,8,9,10,12 	4
1,2,5,6,9,10 	223
1,6,9,11,13 	129
1,2,4,7,8,10,11,12 	1
1,6,9,11,12 	1
1,2,3,6,9 	17
9,10 	12
1,2,3,6,8 	84
1,2,3,5,6,11,13 	3
9,11 	50365
1,2,3,6,7 	3
1,2,3,5,7,10,11,12 	10
1,2,3,5,8,10,13 	6
1,2,3,5,7,10,11,13 	11
1,2,3,5,8,10,11 	23
1,2,3,5,8,10,12 	98
1,2,3,4,5,6,8,10 	163
1,2,3,4,5,9,10,11 	9
1,2,3,4,6,7,9,11,12 	1
1,2,3,4,5,9,10,13 	4
1,2,3,4,5,9,10,12 	29
1,2,3,4,5,6,8,13 	2
1,2,3,4,5,6,8,12 	9
5,6 	9046
1,3,4,6 	47
1,2,4,5,11,13 	2
1,3,4,8 	3
1,2,4,5,8,10 	343
1,3,4,9 	1
1,3,6,8,9,10 	1
1,4,8,10 	1
2,5,8,10,12 	1
1,2,3,5,6,8,9,10,11,12 	1
1,2,3,5,6,8,9,10,11,13 	5
1,5,6,8,9,10,11 	5
1,2,3,5,6,9,10,11 	16
2,3,5,10 	1
1,2,4,5,6,7,8,9,10,12 	38
1,2,3,4,11,13 	25
1,2,4,6,7,9,10,11,12 	5
1,2,4,5,6,7,8,9,10,11 	2
1,2,5,10,13 	43262
1,2,5,10,12 	3535
1,2,4,6,8 	13
1,2,4,6,7,9,10,11,13 	3
1,2,5,10,11 	25917
1,2,4,6,7 	3
2,3,12 	2388
2,3,10 	5
2,3,11 	5381
1,2,4,7,10,12,13 	31
1,2,3,4,5,6,7,8,9,10,11,12,13 	2
1,2,4,5,6,7,8,9,10,12,13 	1
1,2,5,8,10 	3065
1,2,3,7,8,10 	14
1,2,3,5,7,8,10,11,12 	1
1,2,3,4,5,6,8,10,12,13 	1
1,2,3,4,7,8,9,10,12,13 	1
9,10,11 	1051
1,2,3,6,10,13 	69
1,5,8,9,10 	1
1,2,3,6,10,12 	33
1,2,3,6,10,11 	359
1,2,3,5,10,12,13 	109
1,2,3,4,7,9 	1
1,2,3,4,7,8 	28
1,2,3,4,6,7,10 	308
2,3,4,7,12 	10664
1,2,3,4,6,7,12 	11
2,3,4,7,11 	5
1,2,3,9,10 	100
1,2,3,9,11 	1
1,2,3,9,12 	2
1,2,3,4,6,7,8,10,11,13 	2
1,2,3,4,6,7,9,10 	23
1,2,3,4,7,8,10,13 	4
1,2,3,8,9 	5
1,2,3,4,6,7,9,12 	7
1,2,4,5,6,9,10,12,13 	2
1,2,6,7,8,10 	2
1,2,4,5,7,10,12 	1960
1,2,4,5,7,10,11 	11
1,3,10 	191
1,2,4,5,7,10,13 	73
1,3,12 	3
1,3,11 	71
1,3,13 	1
1,2,3,4,10,11,12 	35
3,4 	271807
1,2,4,6,8,9,11,13 	1
1,5,6,10,11,13 	1
1,2,3,4,10,11,13 	2679
1,2,4,5,7,10,11,13 	9
1,2,4,5,7,10,11,12 	7
1,3,8,10 	4
3,8 	10
3,9 	5
1,2,3,4,6,10,11 	119
1,2,3,4,6,10,13 	25
1,2,4,5,9,11,13 	1
1,2,3,4,6,10,12 	87
1,2,3,4,6,9,13 	1
1,2,3,4,6,9,12 	4
1,2,6,8,11,13 	1
1,2,3,4,7,9,10,12,13 	10
1,8,9 	4
1,5,9,10,11 	1
1,2,4,6,7,8,9,10,11,12 	9
1,2,3,4,6,9,11 	2
1,2,3,4,7,8,10,11 	1
1,2,3,4,7,8,10,12 	540
1,2,3,4,6,9,10 	8
1,2,5,7,10,11,13 	9
1,2,5,7,10,11,12 	2
1,2,3,4,8,10,11,12 	1
1,2,3,4,5,10,11,12,13 	2
1,2,3,4,5,11,13 	2
1,2,4,5,8,10,12,13 	2
1,2,4,7,9,10,12,13 	2
1,2,3,4,5,6,10,12,13 	6
1,5,10,11,13 	1
1,2,4,6,13 	2
1,2,4,6,12 	1
1,2,4,6,11,13 	3
1,2,4,6,10 	153
4,9,11,12 	1
1,2,3,4,6,7,8,9,10,11,13 	1
1,2,3,4,6,7,8,9,10,11,12 	5
1,2,3,4,7,10 	45003
1,2,3,4,5,8 	25
1,2,3,4,5,7 	36
1,2,3,4,7,11 	4
1,2,3,4,5,6 	366
1,2,4,5,7,8,9,10 	2
1,2,3,4,7,12 	1955
1,2,3,4,7,13 	37
1,2,3,4,5,9 	1
1,3,8,9,10 	1
1,2,3,4,8,9,10 	4
1,2,5,7,9,10 	24
1,3,4,5,9,10 	1
1,2,3,4,5,7,13 	1
1,2,4,8,10,11 	1
1,2,3,4,5,9,10,11,13 	13
1,2,4,8,10,12 	32
1,2,3,4,5,9,10,11,12 	1
1,2,4,8,10,13 	1
1,2,3,6,7,9,10,12 	8
1,2,3,4,5,7,10 	12436
1,2,5,8,11 	2
1,2,3,6,9,10,11,13 	21
1,2,3,6,7,9,10,11 	5
1,2,3,4,5,7,12 	15
2,3,10,11 	1
1,2,3,6,9,10,11,12 	4
1,2,8,10,11,12 	1
1,2,3,5,9,10,11 	22
1,2,3,5,9,10,12 	69
1,2,8,10,11,13 	10
1,2,3,5,9,10,13 	11
1,2,3,4,5,8,10,12,13 	3
1,2,6,7,10,11,13 	4
1,2,6,7,10,11,12 	1
1,2,4,6,7,8,9,10,11,13 	1
1,2,4,5,6,7,9,10,11,12 	4
1,2,4,5,6,7,9,10,11,13 	9
1,2,3,6,8,10 	43
1,2 	2732265
1,3 	302
1,4 	3
1,3,4,12 	30
1,2,4,7,10,12 	6083
1,5 	66508
1,6 	22400
1,2,4,7,10,13 	97
1,3,4,11 	2
1,2,3,6,8,11 	1
1,3,4,10 	52
1,2,3,6,8,12 	1
1,8 	1861
1,2,4,7,10,11 	172
1,9 	1608
1,2,7,8,10 	22
1,2,6,8,9,10,11 	6
1,5,6,8,10 	9
1,2,6,8,9,10,13 	1
1,2,3,4,5,10,11,12 	7
1,2,3,5,8,9,10,12,13 	1
1,2,3,4,5,10,11,13 	896
4,9,11 	2
1,5,11 	390
1,5,10 	7179
1,2,3,5,7,11,13 	1
1,5,13 	11
1,2,3,5,6,10,11,12,13 	2
1,2,3,4,6,8,9,10,12,13 	1
1,2,6,9,11,13 	5
1,2,3,4,6,7,8,9 	1
1,2,3,5,6,8,10,12,13 	5
1,2,5,9,10,12 	81
3,11,12 	1
1,2,3,9,10,11,13 	16
1,2,5,9,10,11 	54
1,2,3,9,10,11,12 	3
1,2,3,6,10,11,13 	257
1,2,3,6,10,11,12 	4
2,12 	2377
1,2,4,5,7,10,11,12,13 	1
2,11 	1117145
2,10 	831
1,2,4,7,9,10 	19
1,2,3,4,5,6,8,9,10 	7
1,2,3,4,5,6,8,9,12 	2
1,2,4,5,7,9,10 	11
1,2,5,9,10,13 	165
1,2,10,12,13 	324
1,2,3,4,7,10,12 	29047
1,4,5,6,10 	1
1,2,3,4,7,10,11 	326
1,2,3,4,7 	3764
1,2,3,4,6 	708
1,2,5,8,10,11 	44
1,2,5,8,10,12 	152
1,2,3,4,9 	11
1,2,3,4,8 	194
1,2,3,4,7,10,13 	115
1,2,5,8,10,13 	35
1,2,3,4,5 	50
1,2,7,8,9,10,13 	1
1,2,3,5,6,8,10 	55
1,2,3,5,8,9,10,13 	2
1,2,3,5,8,9,10,12 	1
1,2,3,5,8,9,10,11 	2
1,2,3,5,6,7,8,10 	2
1,3,4,6,10,12 	1
1,2,6,8,9,10,11,13 	8
1,2,5,6,11,13 	4
1,2,6,8,9,10,11,12 	6
1,2,3,4,6,7,10,12 	418
1,3,4,6,10 	3
1,2,3,4,6,7,10,11 	24
1,3,4,6,12 	7
1,11,12 	2
1,3,4,6,11 	1
1,2,3,4,6,7,10,13 	4
1,11,13 	11553
1,2,3,6,7,10,12,13 	1
10,11 	88587
1,2,3,4,5,6,10,11,12,13 	3
1,2,3,4,5,7,10,11,12,13 	2
1,2,4,5,6,11,13 	2
1,2,4,5,6,7,10 	87
1,2,9,10,12,13 	6
1,2,4,5,10,12,13 	17
1,5,6,10,13 	3
1,5,6,10,11 	12
1,2,3,7,10,12,13 	25
2,3,4,5,8,10 	1
1,2,4,9,10 	14
10 	1216342
1,6,8,9 	13
11 	157361
12 	780582
13 	95
1,2,5,8,10,12,13 	23
1,3,4,6,9 	2
1,3,4,6,8 	7
1,2,4,9,11,13 	2
1,2,3,4,5,7,9,10,12,13 	9
1,2,5,6,8,9,10,11,12,13 	1
1,2,3,5,6,8,10,11 	5
1,2,3,5,6,8,10,12 	11
1,2,3,5,6,8,10,11,13 	19
1,2,3,4,6,8,10,11,13 	6
1,2,3,5,6,7,9,10,11,12 	3
1,2,3,7,10,12 	5284
1,2,3,7,10,11 	106
1,2,6,8,9 	6
1,2,3,7,10,13 	48
1,2,3,5,6,7,9,10,11,13 	3
1,5,9 	82
1,2,5,7,8,9,10,13 	1
1,2,5,7,8,9,10,12 	1
1,5,8 	285
1,2,6,10,13 	430
1,2,3,4,7,10,11,12 	150
1,5,6 	1246
1,2,3,4,7,10,11,13 	320
1,2,6,10,12 	54
1,2,6,10,11 	859
1,2,3,5,6,8,10,13 	2
1,2,3,7,8,9,10 	3
1,2,8,9,10 	1
2,3,7 	29528
1,2,3,5,6,12 	1
1,2,3,4,6,10,12,13 	4
1,2,3,5,6,13 	29
2,3,4 	26482
1,2,3,5,6,10 	507
1,2,5,10,11,12 	17
1,2,3,4,6,8,9,10,13 	1
1,2,5,10,11,13 	17618
1,6,9,10 	8
1,6,9,11 	42
1,6,9,13 	7
1,2,3,4,6,8,9,10,11 	1
1,2,3,4,6,8,9,10,12 	4
1,2,4,9,11 	2
8,10,11 	2
6,10,11,13 	1
1,2,3,4,5,6,7,10,11,12,13 	2
1,2,10,11,12 	28
1,2,5,8,9,10,11,13 	4
1,2,3,6,7,9,10 	3
1,2,10,11,13 	59247
1,2,3,4,5,8,9,10 	12
4,11 	18
4,12 	131703
1,2,4,5,6,7,8,12 	1
1,2,6,7,8,9,10,11,12 	5
1,2,4,5,6,7,8,10 	9
1,2,3,4,5,11 	1
6,9,11 	8
1,2,3,4,5,10 	5029
1,2,3,6,9,10,12 	19
1,2,3,4,5,12 	2
1,2,3,6,9,10,11 	39
1,2,3,4,5,6,7,8,12 	2
1,2,3,6,9,10,13 	3
1,8,11 	1
1,2,6,7,8,9,10,11,13 	7
1,8,10 	250
1,2,3,5,6,7,10,12,13 	1
1,2,3,4,5,6,7,8,10 	200
1,2,5,6,8,9,10 	3
1,2,5,6,8,9,11 	1
2,8,10 	4
1,2,3,4,5,6,7,9,10,12,13 	10
1,2,4,7,10 	10662
1,2,3,8,10,11,13 	14
1,2,3,4,13 	60
1,2,4,7,11 	3
1,2,4,7,12 	637
1,2,4,7,13 	42
1,2,4,6,8,9,10 	1
1,3,5,6,9 	5
1,3,5,6,8 	12
1,3,4,8,9 	2
1,2,4,5,8,9,10,11,13 	1
1,2,8,10 	6467
1,2,3,4,11 	32
1,2,3,4,12 	780
1,2,8,11 	1
1,2,8,13 	1
1,2,3,4,10 	20369
1,2,4,6,8,10 	17
1,2,5,8,9,10,11 	1
1,2,4,6,8,12 	2
1,2,3,6,10,11,12,13 	2
1,2,4,6,7,9,10 	2
1,2,3,4,6,7,10,11,12 	21
1,2,4,6,7,9,11 	1
1,2,4,5,6,8 	1
1,2,3,4,6,7,10,11,13 	22
1,2,4,5,6,7 	4
1,2,3,6,9,10 	25
1,2,3,10,13 	1567
1,2,3,10,12 	6096
1,2,4,5,6,8,10,11,13 	2
1,2,3,6,8,9,10,12,13 	1
1,2,5,7,8,9,10,11,13 	1
1,2,3,4,5,6,7,10,12 	673
1,2,3,4,5,6,7,10,13 	15
1,2,3,5,6,9,10,11,12 	4
1,2,3,4,5,6,7,10,11 	15
1,2,3,5,6,9,10,11,13 	27
1,2,4,10,11,13 	905
1,2,4,10,11,12 	4
1,5,6,10 	164
1,5,6,11 	20
1,5,6,13 	1
1,2,3,5,10,12 	2231
1,2,3,10,11 	14454
1,2,3,5,10,11 	2170
1,2,3,5,10,13 	669
1,2,4,8 	29
1,2,6,7,10,13 	2
1,2,6,7,10,12 	4
1,2,4,7 	1236
1,2,4,6 	31
1,2,6,7,10,11 	2
1,2,4,5 	22
1,2,3,4,5,8,10 	1451
1,2,3,4,5,8,12 	1
1,2,5,6,8,10,11,13 	9
1,2,4,9 	1
1,2,10,13 	164381
1,2,10,11 	275478
1,2,10,12 	11033
1,2,3,4,7,10,11,12,13 	5
1,2,3,8,9,10,11 	2
1,2,3,8,9,10,12 	2
1,5,6,8,9 	2
7,9,11,12 	8
1,2,3,4,5,7,8,12 	3
1,2,4,5,7,8,10,13 	1
1,2,4,5,7,8,10,12 	64
1,2,5,6,9 	5
1,2,3,4,5,7,8,9,10,12,13 	3
1,2,5,6,8 	75
1,2,3,4,5,7,8,10 	1566
1,2,5,6,7,10 	37
1,2,4,8,9 	1
1,2,3,6,8,9 	11
1,2,4,6,8,10,13 	1
1,2,4,6,8,10,12 	2
1,2,3,4,6,8,12,13 	1
1,2,4,6,9,10,11,12 	1
1,2,3,4,7,8,9,10,11,12 	1
1,2,3,5,6,10,11,12 	2
1,2,4,6,9,10,11,13 	29
1,2,3,4,7,8,9,10,11,13 	1
1,2,3,5,6,10,11,13 	337
1,2,5,6,7,12 	1
1,3,9,10 	1
1,2,3,4,5,6,8,9,10,11,12 	1
1,2,3,4,5,6,8,9,10,11,13 	11
1,2,3,8,12 	2
1,2,3,5,8,10,12,13 	5
1,2,3,8,10 	859
2,3,4,7,10 	1
1,2,4,6,7,8,10,12 	7
1,5,6,8 	44
1,5,6,9 	21
1,2,4,10,12 	2298
1,2,4,10,11 	1427
1,2,3,4,6,7,8,10,12,13 	3
1,2,4,10,13 	318
2,3,4,7 	53037
1,2,3,6,8,10,13 	1
1,2,3,6,8,10,12 	3
1,2,3,6,8,10,11 	2
1,2,5,6,9,10,12,13 	8
6,13 	22
1,2,3,4,5,6,7,8,9,10,12,13 	5
1,2,4,7,10,11,12 	12
1,2,3,4,5,6,11,13 	1
1,5,10,13 	36
1,2,4,7,10,11,13 	157
1,2,3,4,6,8,9 	10
1,5,10,11 	155
1,5,6,8,9,10,11,12 	2
1,2,3,5,7,9,10,12,13 	1
6,11 	92
1,2,3,6,7,10,11 	9
1,2,3,6,7,10,12 	23
1,2,3,6,7,10,13 	1
1,2,4,6,7,9,10,11 	5
1,2,4,6,7,9,10,12 	17
1,2,4,6,7,9,10,13 	1
1,2,4,6,9,10,11 	42
1,6,10,13 	1
1,2,3,4,5,7,8,10,11,12 	2
1,6,10,11 	8
1,2,3,8,9,10,11,13 	1
1,2,4,5,7,10 	2344
1,2,4,5,7,12 	1
1,2,4,6,9,10,13 	1
1,2,4,6,9,10,12 	3
1,2,3,5,6,9,10,12 	30
1,2,3,5,6,9,10,13 	2
1,2,3,9,10,13 	7
1,2,3,9,10,11 	131
1,2,3,9,10,12 	47
1,2,6,9 	16
1,2,6,8 	166
1,2,6,7 	2
1,2,4,5,6,8,9,10,11 	10
1,2,4,5,6,8,9,10,12 	3
1,2,3,5,7,8,10 	27
1,5,6,9,10,11,13 	2
1,2,8,9,10,11 	2
1,4,6,9 	1
1,2,3,4,6,7,9,10,11,12 	39
1,2,3,4,6,7,9,10,11,13 	5
1,2,4,6,8,10,12,13 	1
1,2,6,8,10 	132
1,2,8,10,13 	27
1,2,6,10,12,13 	4
1,2,6,8,11 	1
1,2,5,6,7,10,13 	3
1,2,8,10,11 	39
1,6,7,9,11,12 	1
1,2,8,10,12 	104
1,2,6,8,10,11,13 	16
1,4,6,8 	3
1,2,3,5,8,10 	758
1,2,4,6,7,8,9,10 	1
1,2,5,6,7,10,11 	2
1,2,5,6,7,10,12 	6
1,2,4,5,7,8,9,10,12 	9
1,3,8,9 	3
1,2,3,5,6,8,9 	3
1,2,3,5,8,10,11,12,13 	1
1,2,3,5,9,10,11,12 	3
1,2,3,4,5,8,9,10,12 	4
1,2,3,5,9,10,11,13 	19
1,4,5,10 	1
1,2,3,4,5,8,9,10,11 	1
1,2,5,6,8,9 	3
1,5,8,10 	63
1,2,6,8,13 	4
1,5,6,9,10,11 	1
1,2,3,12,13 	3
1,2,5,9,10,11,13 	72
1,2,4,5,7,9,10,12 	46
1,2,3,4,6,9,10,11 	34
1,2,3,4,6,9,10,12 	13
1,2,4,5,7,9,10,13 	1
1,2,12,13 	20
1,2,4,8,9,11 	1
1,2,4,6,7,10,11 	5
1,2,4,8,9,10 	2
6,8,10,11 	1
1,3,4,8,10 	2
1,2,4,6,7,10,13 	5
1,2,4,6,7,10,12 	33
1,2,5,6,9,10,13 	45
1,2,3,4,7,8,9,10 	24
3,9,11 	711
1,2,3,4,7,8,9,12 	1
1,3,9 	5
1,2,5,6,9,10,11 	64
1,5,6,8,10,11 	1
1,2,5,6,9,10,12 	21
1,3,8 	10
1,2,4,5,6,10,12,13 	2
1,3,6 	95
1,3,5 	9
1,3,4 	85
1,2,4,5,6,9,10 	5
1,2,3,4,6,9,10,13 	3
1,2,4,5,9,10,12,13 	1
1,3,6,8,9 	9
1,2,4,5,6,7,10,12,13 	2
1,2,3,4,7,9,11 	1
1,2,4,6,9,10,11,12,13 	1
1,2,3,4,7,9,12 	3
1,2,3,4,6,7,8,9,10 	24
1,2,5,6,8,10,11 	8
1,2,3,4,7,9,10 	89
1,2,3,6,10 	585
1,2,6,11 	47
1,2,6,10 	5468
1,2,3,10,12,13 	86
1,2,8,9 	1
1,2,3,4,6,7,8,9,12 	2
1,2,3,6,13 	22
1,2,5,6,8,10,13 	2
1,2,3,6,12 	2
1,2,6,13 	125
1,2,3,6,11 	7
1,2,5,6,10,11,13 	580
1,9,10,11 	5
1,2,3,7,12,13 	3
1,2,4,5,7,9,10,12,13 	2
1,2,5,6,8,9,10,12,13 	1
1,2,3,4,6,9,10,12,13 	1
1,2,3,6,8,10,11,13 	5
1,2,9,10,11 	596
1,2,9,10,12 	60
1,2,9,10,13 	109
