2,4,15 	20379
2,4,14 	12
1,2,3,4,5,6,9,10,11,12,14,15 	4
2,4,11 	64
2,4,12 	3
1,2,3,4,5,7,12,15 	3
1,2,4,7,10,13,15 	24
8,10 	1937
1,2,6,9,14 	15
8,14 	21608
1,2,8,14,15 	24
1,2,3,4,6,7,8,9,10,14,15 	24
1,2,6,8,9,10,11,12,14,15 	2
1,2,3,6,8,9,10,14 	1
1,2,3,4,10,12,13,14,15 	24
1,2,4,5,6,7,9,10,14 	1
1,2,4,5,10,11 	12
1,2,3,4,5,14,15 	32
1,2,3,5,7,10,12,13,15 	1
1,2,3,5,6,7,10,14 	9
1,2,4,5,10,13 	10
1,2,3,5,6,7,10,15 	1
1,2,5,6,8,9,10,13 	1
1,2,4,5,10,15 	69
1,2,5,6,8,9,10,14 	1
1,2,4,5,10,14 	60
1,2,5,6,8,9,10,11 	6
1,2,3,6,7,10,11,12,14,15 	2
3,14,15 	10
1,2,6,7,8,9,10,11,13,14 	3
1,2,3,4,5,6,7,9,10,11,12,14,15 	22
1,2,3,5,6,8,9,14 	2
1 	46193
2 	7317
3 	21345
2,4,7,11,15 	5
4 	89606
1,2,3,5,6,8 	3
5 	11
1,2,3,4,6,9,14,15 	1
6 	156
7 	5836
8 	75810
9 	237
1,2,5,11,15 	1
1,2,3,5,6,9,10,14,15 	43
1,2,5,11,14 	399
1,2,5,11,13 	41
1,2,5,7,9,10,12,14,15 	29
1,2,5,6,8,10,11,13,14,15 	2
1,3,5,6 	26
6,8 	8
1,2,4,6,7,9,10,11,12,14,15 	5
1,2,3,6,8,12,14,15 	1
1,2,3,4,6,8,9,10,11,13,14,15 	4
1,2,3,4,7,10,12,13,15 	1
1,2,6,7,10,14,15 	5
1,2,4,7,8,10,14 	2
1,2,4,7,8,10,15 	18
1,3,7,12 	1
1,2,10 	477387
1,2,11 	6262
1,2,13 	34788
1,2,14 	465086
1,2,15 	9930
1,2,3,6,11,15 	1
1,2,3,5,10,11,14 	8
1,3,4,5,6,12 	2
1,3,4,5,6,14 	14
1,2,3,10,11,13,14 	8
1,2,3,14,15 	3253
1,2,3,10,11,13,15 	20
1,2,3,5,10,11,15 	14
1,2,4,10,11,12,14,15 	2
1,2,3,4,5,6,8 	1
1,2,5,10,11,13,14 	14265
1,2,7,10,11,13,14 	1
1,3,5,6,10,11,14 	3
1,2,5,10,11,13,15 	405
1,2,3,8,9,14 	5
1,2,3,6,9,10,14,15 	24
1,3,4,10,14 	45
1,2,9,10,11,13,14 	47
1,2,5,6,9,10,14,15 	47
1,3,4,10,12 	1
1,2,6,9,14,15 	1
2,5,10,14 	7
1,2,5,7,9,10,11,13 	4
2,4,12,14,15 	9
1,2,3,4,5,6,10,13,14 	4
1,2,3,4,5,10,12,13,14,15 	13
1,2,3,4,6,9,10,11,12,14,15 	1
1,2,9,10,12,13,14,15 	6
1,2,4,9,10,11,14,15 	10
1,2,4,5,9,10,11 	5
1,2,3,5,10,11,13,14,15 	7963
1,2,4,7,10,11,14,15 	149
1,2,4,5,10,11,14,15 	51
1,2,3,9,10,14,15 	96
1,2,3,6,7,9,10,12,14,15 	8
1,2,3,6,7,8,9,10,12,14,15 	4
1,2,3,4,11,13,14,15 	24
1,2,3,6,11,13,14,15 	5
1,2,3,5,6,11,13,14,15 	3
1,3,9,10,14 	1
1,2,5,6,9,10,11,12,14 	6
1,2,3,5,6,9,10,11,12,14,15 	4
1,6,9,10,11 	1
1,2,4,7,8,9,10,12,13,14,15 	1
1,6,9,10,14 	6
1,2,5,9,10,11,14,15 	10
1,2,5,7,8,10,14,15 	5
1,2,4,5,6,7,8,9,10,11,13 	1
1,2,3,5,6,10,15 	2
1,2,3,9,14,15 	3
1,2,4,5,6,7,8,9,10,11,12 	1
1,2,4,7,8,10,12,15 	39
1,2,4,6,9,11,13 	1
1,2,5,7,10,11,14,15 	9
1,2,3,5,6,10,14 	243
1,6,8,9,11,13 	1
1,2,3,6,11,14,15 	6
1,2,3,4,9,10,12,13,14,15 	2
1,2,3,4,9,12,14 	1
1,2,3,4,5,7,10,14,15 	12411
1,2,5,7,10,12,13,14,15 	8
1,2,4,8,9,10,14 	1
2,3,4,12,14,15 	24
1,2,4,8,9,10,13 	1
1,2,9,11,13,14 	3
1,2,4,5,7,8,10,12,14,15 	41
1,2,5,8,10,11,13,14,15 	1
1,2,5,7,15 	2
1,2,5,7,14 	1
1,2,6,9,10,11,14,15 	11
1,2,3,9,10,11,13,14,15 	15
1,2,5,7,10 	42
1,2,4,6,7,11,13,15 	1
1,2,5,6,7,8,10,12,14,15 	1
1,2,3,5,7,9,10,12,13,14,15 	1
1,2,3,4,6,7,9,10,13,14,15 	1
1,2,6,9,10,11 	44
1,2,3,6,9,14,15 	1
1,2,3,7,10,11,14,15 	105
1,2,6,7,9,10,13,14 	1
1,2,8,9,10,11,14,15 	1
1,2,4,5,6,9,10,11,13 	17
1,2,4,5,6,9,10,11,14 	5
1,2,4,5,6,8,10,12,14,15 	3
1,3,5,6,14 	29
1,3,4,8,10,14 	2
1,2,3,4,6,10,11,13,14,15 	159
1,2,4,5,6,14,15 	1
1,3,5,6,10 	3
1,2,6,9,10,14 	122
1,2,6,9,10,13 	3
1,2,3,7,10,12,13,15 	1
1,2,3,4,5,8,14,15 	20
1,2,4,5,6,10,11,13,15 	21
1,2,4,5,6,10,11,13,14 	35
1,2,5,6,7,8,9,10,13 	1
1,2,3,6,10,12,14 	4
1,2,3,4,5,6,9,10,14 	2
1,4,5,6,8,14 	2
1,5,6,9,14 	21
1,2,3,4,8,10,11,12,13,14,15 	1
1,2,3,6,7,8,10,14 	1
1,2,3,7,9,10,11,14,15 	1
1,2,3,4,10,15 	1594
1,5,6,9,11 	2
1,2,3,4,10,14 	1265
1,3,5,6,10,14 	6
2,3 	399983
2,4 	3388
1,2,5,6,7,8,9,10,11 	2
1,2,4,5,11,14,15 	1
1,2,4,7,12,14,15 	73
2,7 	954
2,8 	54
1,2,3,4,7,8,9,12,14,15 	1
1,2,3,4,5,9,10,11,14,15 	9
1,13,14 	16
2,12,15 	2370
1,2,3,4,5,7,9,10,12,13,14,15 	9
1,2,3,4,5,7,8,10,11,12,14,15 	2
1,2,5,6,7,9,10,11,13 	7
1,2,5,6,7,9,10,11,12 	1
1,2,3,5,6,14,15 	6
1,2,4,6,8,9,10,11,14,15 	1
1,2,3,5,6,13,14,15 	2
1,3,4,6,8,9,14 	2
1,2,4,5,6,7,9,10,11,14,15 	7
1,2,5,6,7,9,10,11,14 	7
1,2,3,4,5,7,10,11,13,14,15 	57
1,5,8,10,14 	19
1,2,4,10,12,13,15 	2
1,2,5,6,10,13 	48
1,2,5,6,10,14 	3044
1,2,5,6,10,15 	16
1,2,3,8,9,10,11,14,15 	2
1,2,5,6,10,11 	41
1,2,3,4,6,10,11,13,14 	2
1,2,4,7,10,12,13,15 	13
1,2,3,4,6,10,11,13,15 	3
1,2,3,5,8,10,11,12,14,15 	2
1,2,6,10,11,13,14,15 	59
1,2,3,4,6,9,10,11,14,15 	34
1,2,5,6,8,9,10,11,12,14,15 	3
1,14 	173944
1,15 	1
1,12 	7
1,2,3,4,6,8,9,10,13,14,15 	1
1,13 	3502
1,10 	212054
1,11 	14764
1,2,3,4,6,7,9,10,14,15 	23
1,2,10,11,14,15 	10049
1,2,3,4,7,11,12,14,15 	1
1,5,6,13,14 	1
1,2,4,5,6,8,9,10,11,12,14,15 	6
1,2,5,6,8,10,11,14,15 	2
1,2,3,6,8,9,10,13,14 	1
1,2,4,10,14,15 	11329
1,2,3,4,5,6,7,8,10,14,15 	200
1,2,4,6,9,11,14,15 	2
1,2,3,6,9,10,11,14,15 	39
1,2,4,5,8,10,11,15 	1
1,2,3,4,5,6,7,10,14,15 	416
1,2,3,5,9,10,11,13,14,15 	19
1,3,4,8,9,14 	2
1,2,5,6,8,9,10,11,13,14 	14
1,2,3,10,13,14,15 	1315
1,2,6,8,9,10,11,12,14 	1
1,2,4,5,6,7,10,11,14,15 	1
1,2,5,6,7,10,12,14,15 	6
1,2,3,4,5,6,9,14 	11
1,2,4,11,13,14 	10
1,2,4,11,13,15 	2
1,2,4,8,10,12,13,14,15 	2
1,2,3,4,8,15 	3
1,2,7,10,13,14,15 	66
1,2,6,8,9,14 	6
1,2,3,4,8,14 	92
1,2,4,5,6,7,8,10,12,14,15 	6
3,10,14 	4
1,2,3,5,6 	14
1,2,5,7,8,10 	2
1,2,3,4,7,9,10,11,14,15 	5
1,2,4,5,6,8,10,14,15 	12
1,2,3,4,8,10,14 	76
1,2,4,5,7,8,10 	1
1,2,3,4,8,10,15 	1
1,2,3,4,5,7,8,9,10,12,14,15 	138
1,2,3,4,8,10,12,14 	3
1,2,3,4,5,10,15 	6
1,2,3,4,5,10,14 	158
1,2,3,4,5,6,8,12,14 	9
1,2,3,8,12,14,15 	2
1,2,3,7,8,10,14,15 	14
1,2,4,5,7,10,14,15 	2193
1,6,13 	109
1,6,10 	139
1,6,11 	163
1,2,10,11,12,13,14,15 	9
1,2,3,5,7,10,12,15 	1
1,6,14 	308
1,2,4,5,8,10,12,13,14,15 	2
1,2,4,5,14 	1
1,2,4,5,10 	25
2,11,14,15 	6
1,2,3,4,7,8,10,11,12,14,15 	1
1,2,3,5,9,10,11,14,15 	21
1,2,7,10,13,15 	6
1,2,3,7,10,11,12,14,15 	42
1,2,5,6,10,12,14,15 	46
1,4,5,10,14 	1
1,2,3,4,6,7,10,14,15 	299
1,2,3,5,13,14,15 	7
1,2,3,4,7,13,14,15 	34
1,2,4,5,6,10,13,14,15 	24
2,5,8,10,12,14,15 	1
1,2,3,7,8,9,10,12,14,15 	2
1,2,9,10 	15
1,2,3,5,6,9,14 	7
1,2,3,5,6,8,9,10,11,12,14,15 	1
1,2,9,11 	17
1,2,9,14 	56
1,2,4,6,7,10 	3
1,2,3,4,7,8,10,12,14,15 	540
1,2,4,6,7,10,12,13,14,15 	1
1,2,9,13,14 	1
1,2,4,5,7,8,9,10,14,15 	1
1,2,4,6,7,14 	3
1,2,5,6,9,11,13,14 	1
2,4,12,15 	945
1,2,4,5,7,10,12,14,15 	1736
1,2,4,6,8,9,10,11,14 	2
1,2,5,6,7,9,10,14,15 	1
1,2,3,5,7,15 	1
1,2,3,4,5,6,7,8,12,14,15 	2
1,2,8,10,14,15 	778
1,2,3,4,5,6,10,11,12,14,15 	1
1,2,4,5,6,8,9,14 	3
1,2,3,11,13,14,15 	144
1,6,8,9,11 	2
1,6,8,9,14 	9
1,2,3,4,7,11,14,15 	4
1,2,3,4,6,12,14 	94
1,2,5,11,13,14,15 	6
1,2,3,5,8,10,11,13,14 	1
1,2,5,7,10,12,13,15 	1
1,2,4,5,6,8,10,15 	2
1,2,4,5,6,8,10,14 	1
1,2,5,8,11,14 	2
1,2,5,11,14,15 	7
1,2,4,5,6,8,9,10,11,14,15 	3
1,3,4,5,6,12,14 	1
1,2,3,5,6,10,11,13,14 	2
1,2,4,13,14 	2
1,2,4,13,15 	39
1,2,3,4,5,8,9,10,12,14,15 	4
1,2,3,5,6,10,11,13,15 	2
1,2,3,4,5,8,10,15 	1
1,2,4,5,6,7,10,13,15 	1
1,2,5,6,9,11,14 	2
1,3,4,5,6 	5
1,3,4,7,12 	2
1,2,5,6,12,14,15 	1
1,3,4,5,8 	1
1,2,4,5,8,10,14,15 	324
1,5,13,14 	2
1,2,3,4,5,6,14,15 	2
1,2,4,5,10,11,15 	6
1,2,4,5,10,11,14 	91
1,2,4,5,10,11,13 	98
2,7,14,15 	20
1,5,10,13,14 	25
1,10,15 	2
1,10,14 	47175
1,10,13 	79
1,2,5,7,10,14,15 	1741
1,10,11 	697
1,6,8 	113
8,11,14 	3
1,2,4,6,7,10,14,15 	30
1,10,11,14 	78
1,2,3,4,6,10,13,14,15 	11
1,10,11,13 	53
1,6,9 	42
1,2,3,5,7,10,11,12,14,15 	10
2,4,7 	269
1,2,3,4,5,6,7,9,10,11,14,15 	10
2,3,5,10,11,14,15 	1
1,2,3,4,6,8,10,12,14 	4
1,2,4,5,6,8,10,11,13,14,15 	2
1,2,3,6,10,11,13,14 	1
1,2,3,6,10,11,13,15 	2
1,2,3,4,7,10,12,14 	13
1,2,3,4,7,10,12,15 	1936
1,2,3,4,9,10,11,12,14,15 	3
1,2,4,5,6,10,14 	27
1,2,4,5,6,10,15 	4
1,2,3,4,12,13,14,15 	1
1,2,3,10,11,12,13,14,15 	8
1,2,3,4,10,11,13,14 	3
1,2,4,5,6,10,13 	1
1,2,3,4,10,11,13,15 	2
1,2,3,4,5,6,10,12,13,14,15 	5
2,8,10,14 	3
1,2,3,4,5,6,8,10,11,14,15 	2
1,2,3,8 	7
1,2,3,7 	2
1,2,3,4,5,7,9,10,11,12,14,15 	8
1,2,3,6 	38
1,2,3,4,8,10,13,14,15 	1
1,2,5,10,12,14 	2
1,2,3,4,5,7,10,12,13,14,15 	41
1,2,4,5,6,7,8,9,10,12,14,15 	38
1,2,5,10,12,15 	66
1,2,3,4,5,10,14,15 	4863
1,2,3,5 	5
1,2,3,4 	73
1,2,5,6,13,14 	65
1,2,4,8,10 	8
1,2,4,7,8,14,15 	4
1,2,5,8,10,11,13 	5
1,2,4,8,14 	7
1,2,4,8,15 	2
1,2,5,8,10,11,14 	30
1,2,5,7,12,14,15 	7
1,2,4,5,6,7,10,11,13,14,15 	2
1,2,4,5,13,14,15 	1
1,2,4,8,10,14,15 	364
1,2,4,6,8,10,12,13,14,15 	1
1,2,6,7,9,10,11 	3
1,2,3,4,6,7,9,10,11,13,14,15 	5
1,2,4,5,9,10,12,14,15 	9
1,2,6,7,9,10,14 	3
1,2,6,7,9,10,13 	2
1,2,4,7,9,10,12,14,15 	47
1,4,9,11,12 	1
1,2,3,4,5,12,14,15 	1
1,2,4,6,10,11,12,15 	1
1,2,3,4,5,6,8,9,10,11,12,14,15 	1
1,2,3,7,12,13,15 	3
1,6,9,11,12,14 	1
1,2,4,5,7,8,10,14,15 	102
1,4,5,6,10,14 	1
1,5,6,9,11,14 	1
1,2,3,5,10,11,14,15 	2148
1,2,5,6,8,10,14,15 	18
1,2,3,4,5,6,7,9,10,12,13,14,15 	10
1,2,4,9,10,11,13 	25
1,2,4,9,10,11,14 	9
1,2,3,4,5,8,10,11,13,14,15 	2
1,2,4,6,10,13,14 	2
1,2,6,13,15 	1
1,2,4,6,10,13,15 	6
1,2,6,13,14 	103
2,3,4,14,15 	128
1,9,10 	9
2,10,12,14,15 	1
1,2,3,4,6,9,11,14 	1
1,9,11 	246
2,7,14 	1
2,7,15 	11197
1,2,4,5,8,10,11,13,14 	1
1,2,3,4,8,14,15 	98
1,2,7,8,10,12,14,15 	14
1,9,13 	73
1,2,8,11,14 	1
1,9,14 	226
1,2,3,4,10,11,13,14,15 	2674
1,2,4,5,7,10,11,12,13,15 	1
1,2,6,7,10,13,14,15 	1
1,5,6,10,13,14 	1
1,2,3,4,5,6,7,8,9,10,12,14,15 	240
1,4,6,14 	1
1,2,3,4,6,8,9,14 	10
1,2,3,10,13,14 	208
1,2,3,10,13,15 	43
1,2,3,4,10,11,12,14,15 	35
1,2,3,4,5,6,9,10,12,13,14,15 	4
1,3,4,6,8,14 	5
1,2,3,7,13,15 	3
1,2,4,5,7,9,10,11,13 	2
1,2,3,5,6,7,9,10,12,14,15 	15
1,2,5,6,9,10,11,13 	29
1,2,5,6,9,10,11,14 	31
1,2,3,4,5,8,10,12,14,15 	227
1,2,3,6,13,14,15 	2
1,2,3,5,6,9,10,12,14,15 	30
1,3,6,8,14 	8
1,9,11,13 	264
1,2,3,4,6,7,10,11,14,15 	23
1,2,3,4,7,14,15 	723
1,9,11,14 	14
1,2,3,11,15 	96
1,2,3,9,12,14,15 	2
1,2,3,5,8,9,10,11,14,15 	2
1,2,7,8,10,15 	3
1,2,3,5,6,10,12,14 	1
1,2,3,4,5,6,7,10,11,12,13,14,15 	2
1,6,11,13 	183
1,2,3,5,6,9,10,11,14,15 	16
1,2,9 	12
1,2,8 	255
1,2,7 	69
1,2,6 	831
1,2,5 	9663
1,2,7,11,13 	1
1,2,5,10 	7078
1,2,7,11,14 	1
1,2,3,7,15 	1467
1,2,5,13 	471
1,2,5,14 	14209
1,2,5,11 	442
1,2,3,5,13,14 	1
1,2,5,6,10,12,14 	4
1,9,11,12 	10
1,2,5,15 	17
1,2,5,6,10,12,15 	1
1,2,3,5,6,7,9,10,11,12,14,15 	3
1,2,4,6,8,10,13,14,15 	1
1,2,5,6,8,9,10,11,12 	1
1,2,5,6,8,9,10,11,14 	11
1,2,5,6,8,9,10,11,13 	8
1,11,13,14 	1
1,2,3,4,5,8,10,14 	20
1,2,9,10,13,14,15 	27
1,2,3,5,6,10,11,13,14,15 	333
1,2,4,5,9,10,11,13 	11
1,2,4,5,14,15 	19
1,2,4,5,9,10,11,14 	1
1,2,4,5,6,10,13,15 	9
1,2,4,5,6,10,13,14 	1
1,2,3,5,8,9,10,12,13,14,15 	1
1,2,4,5,6,9,10,11,14,15 	4
1,2,3,6,8,9,10,11,13,14,15 	6
1,2,3,8,10,12,14,15 	105
1,2,4,6,7,9,10,14,15 	2
3,4,12,14,15 	7
1,2,3,4,6,8,10,11,13,15 	1
1,3,11,14,15 	2
2,3,5,10,14,15 	1
1,2,3,7,11,12,14,15 	3
1,2,3,4,8,10,11,12,14,15 	1
1,2,4,5,6,14 	13
1,2,3,4,6,7,8,9,10,11,12,14,15 	5
1,2,4,5,6,13 	1
2,3,7,14,15 	78
1,2,3,5,7,8,10,14,15 	27
1,2,3,8,10,13,14,15 	6
1,2,4,5,6,10 	3
1,2,13,14 	10975
1,2,3,4,6,7,8,9,14,15 	1
1,2,13,15 	180
1,2,3,4,6,7,10,11,13,14,15 	22
1,2,5,8,10,12,14,15 	151
11,12 	3
11,14 	152237
1,2,5,13,14,15 	15
1,2,3,4,13,14 	42
11,13 	20091
1,2,3,4,13,15 	7
1,2,4,6,12,13,14 	1
1,2,4,5,6,7,8,9,10,14,15 	1
1,2,3,4,11,13,15 	1
1,2,3,4,5,9,10,11,12,14,15 	1
1,2,3,4,5,6,10,14 	162
1,2,9,10,11,14 	230
1,2,9,10,11,15 	3
1,2,9,10,11,13 	43
1,2,4,7,14,15 	156
1,2,6,9,11 	2
1,2,6,9,10 	2
1,2,4 	95
1,2,3 	372
11,15 	3
1,2,4,5,6,9,10,13,14,15 	3
1,2,3,5,7,10,11,14,15 	25
1,3,4,5,9,10,13,14 	1
1,2,3,7,10,13,15 	1
1,2,4,5,6,10,14,15 	160
1,2,4,6,7,8,10,12,15 	7
1,2,4,10,11,12,15 	2
1,2,6,8,9,10,13,14,15 	1
1,2,5,6,13 	10
1,2,5,6,14 	1267
1,2,5,6,10 	145
1,2,5,6,11 	32
1,2,3,4,5,7,9,10,11,13,14,15 	3
1,2,5,10,11,12,14,15 	15
1,2,4,6,7,10,11,14,15 	5
2,4,7,15 	20820
1,2,3,6,9,10,12,13,14,15 	1
1,2,4,5,6,9,10,14,15 	5
1,2,3,4,6,9,10,12,13,14,15 	1
1,2,3,13,15 	108
1,2,3,4,10,13,15 	4
1,2,3,4,10,13,14 	40
1,2,6,9,10,11,12 	1
1,2,6,9,10,11,13 	16
1,2,6,9,10,11,14 	24
10,11,14 	43672
10,11,13 	1
1,2,4,5,7,8,10,12,15 	23
1,2,3,8,9,10,14,15 	1
1,2,4,5,6,9,10,11,13,14 	18
1,2,7,10,12,15 	516
1,2,6,8,10,11,13,14 	10
1,2,6,8,10,11,13,15 	1
2,3,4,7,14,15 	252
1,2,5,8,10,12,13,14,15 	22
1,3,5,8,10,14 	1
1,2,3,4,5,7,8,10,13,14,15 	7
1,2,3,4,5,7,13,14,15 	1
1,2,4,6,7,8,9,10,11,12,14,15 	6
1,2,4,5,8,14,15 	2
1,2,3,4,8,10,13,14 	1
1,2,3,5,8,9,10,12,14,15 	1
1,2,3,4,5,6,7,12,14,15 	1
1,2,3,5,10,12,13,14,15 	109
1,6,9,11,13 	129
1,6,9,11,14 	4
1,2,3,7,9,10,13,14,15 	1
1,2,4,7,8,10,12,13,14,15 	1
1,2,3,6,7,9,10,11,12,14,15 	9
9,10 	3
1,2,3,4,5,6,7,8,9,10,11,14,15 	1
9,11 	47888
1,2,3,4,6,10,12,13,14,15 	4
1,2,3,4,5,10,11,12,14,15 	7
9,14 	3372
1,2,5,6,10,12,13,14,15 	11
1,2,6,10,13,15 	15
1,2,6,7,10,11,13,15 	1
1,2,6,7,10,11,13,14 	2
1,2,3,4,5,6,7,8,10,12,14,15 	253
1,2,6,10,13,14 	345
1,2,3,4,6,8,9,10,14,15 	1
1,2,3,11,13,15 	12
1,2,4,6,13,14 	1
1,2,3,4,5,6,7,9,10,12,14,15 	236
1,2,3,4,5,6,8,14 	89
1,6,8,9,10,14 	1
1,3,4,6 	6
1,2,3,5,6,8,10,11,14,15 	5
1,2,5,7,10,13,14,15 	39
1,2,3,4,8,10,12,13,14,15 	1
1,2,6,7,8,9,10,11,12,14 	3
1,2,3,4,6,7,14,15 	10
1,3,4,8 	1
1,2,4,7,8,10,11,12,15 	1
1,4,8,10 	1
1,3,6,10,14 	12
1,2,3,5,8,10,12,14,15 	98
1,2,4,5,6,7,8,9,10,14 	1
2,3,12,15 	2383
1,2,3,4,5,7,8,10,12,13,14,15 	5
1,2,3,4,11,15 	5
1,3,4,5,6,9,14 	1
1,2,10,14,15 	80105
1,2,5,10,15 	340
1,2,3,4,8,9,10,14,15 	3
1,2,5,10,14 	214291
1,2,5,10,13 	671
1,2,4,6,8 	4
1,2,3,6,8,10,14,15 	19
1,2,5,10,11 	869
2,3,14 	100
2,3,15 	179341
8,10,11,14 	1
1,2,3,4,6,8,12,13,14 	1
2,3,11,14,15 	1
2,3,10 	1
2,3,11 	2
1,2,8,9,10,11,13,14 	1
1,2,4,7,10,12,15 	1399
1,2,5,9,10,14,15 	304
1,2,3,5,6,8,9,10,11,13,14,15 	5
1,6,7,9,11,12,14 	1
1,2,3,7,14,15 	385
1,2,3,4,5,8,10,13,14,15 	4
1,2,4,5,9,11,13,14 	1
1,2,7,10,11,12,14,15 	3
1,2,3,4,5,6,10,13,14,15 	7
1,2,3,13,14,15 	173
1,2,6,14,15 	8
1,2,3,6,10,15 	2
1,2,3,6,10,14 	302
1,2,4,7,9,10,11,14,15 	1
2,3,4,7,15 	52782
1,2,3,9,10,13,14,15 	7
1,2,3,4,6,7,8,10,12,13,14,15 	3
1,2,3,4,6,9,13,14 	1
1,2,4,5,7,8,10,11,12,14,15 	1
1,2,3,5,10,13,14,15 	624
1,2,5,6,9,10,11,13,14 	40
1,2,8,10,11,14,15 	5
1,2,3,4,7,12,13,14,15 	2
1,2,5,14,15 	148
1,2,3,10,11,12,14,15 	63
1,2,4,5,10,13,14,15 	157
1,2,3,4,6,10,12,14,15 	40
1,2,6,10,11,12,13,15 	1
1,2,3,4,8,10,12,14,15 	202
1,2,3,12,13,14,15 	1
1,2,6,7,8,10 	1
1,2,4,5,7,10,11 	1
1,3,8,14 	3
1,2,4,5,7,10,14 	24
1,2,4,5,7,10,13 	2
1,2,3,5,6,7,8,9,10,11,12,14,15 	1
3,4 	13378
1,2,4,6,8,9,11,13 	1
1,2,4,5,7,10,15 	87
1,3,8,10 	2
3,9 	1
1,2,3,4,6,10,14 	196
1,2,4,7,9,10,11,12,14,15 	1
1,2,3,5,10,14,15 	12440
1,2,3,5,6,8,10,14,15 	35
1,2,4,6,10,11,13,15 	11
1,2,9,11,14,15 	3
1,2,6,8,11,13 	1
1,2,4,8,9,10,12,14,15 	1
1,2,10,11,13,15 	283
1,8,9 	3
1,2,4,6,10,11,13,14 	35
1,2,10,11,13,14 	54111
1,2,3,4,5,6,8,10,12,14,15 	47
1,2,4,6,9,10,11,12,13,14 	1
1,2,6,8,11,14 	1
1,2,6,8,10,11,13,14,15 	1
1,2,3,4,5,9,10,12,14,15 	29
1,2,6,9,10,13,14,15 	16
1,2,3,5,6,13,14 	27
1,2,3,5,8,10,13,14,15 	6
1,2,4,5,8,10,12,15 	4
1,2,4,5,6,7,9,10,11,13,14 	2
1,2,3,4,5,6,10,12,14 	55
1,2,3,5,8,10,11,13,14,15 	12
1,3,4,6,12,14 	7
1,2,4,6,14 	22
1,5,10,11,13 	1
1,2,4,6,13 	1
1,2,4,6,12 	1
1,2,4,6,10 	8
1,2,3,4,6,7,12,14,15 	11
1,5,10,11,14 	10
1,2,5,6,8,9,10,11,12,13,14,15 	1
2,3,12,14,15 	5
1,2,4,5,7,8,9,10 	1
1,2,3,4,5,10,11,13,14,15 	888
1,2,3,4,7,14 	3
1,2,3,4,7,15 	3038
1,2,3,4,6,7,10,12,13,14,15 	2
1,2,3,4,5,6,8,10,13,14,15 	2
1,2,3,7,9,10,12,14,15 	48
1,3,8,9,14 	3
1,2,3,4,5,6,9,10,13,14,15 	1
1,2,4,8,10,15 	28
1,2,4,7,12,13,15 	3
1,2,3,4,5,7,15 	2
1,2,4,8,10,14 	5
1,2,3,5,8,9,10,14,15 	5
1,2,8,10,11,13 	2
1,2,8,10,11,14 	29
1,2,3,4,5,10,13,14 	1
1,2,6,13,14,15 	2
1,2,8,10,11,15 	1
1,2,7,9,10,13,14,15 	2
1,2,9,12,14,15 	1
1,2,5,7,8,10,12,13,14,15 	2
1,2,3,9,10,12,13,14,15 	1
1,2,3,4,7,10,14,15 	42412
1,2,3,4,5,6,10,12,14,15 	47
1,2,4,5,6,7,8,10,12,15 	9
1,2,3,7,8,14,15 	1
1,2,4,5,6,7,9,10,11,14 	3
1,2,3,4,5,6,9,10,12,14,15 	20
1,2,3,4,5,8,10,12,15 	1
1,2,6,7,10,11,13 	1
1,2,4,5,6,7,9,10,11,12 	1
1,2,4,5,6,7,9,10,11,13 	1
1,2,3,4,5,7,8,10,12,14,15 	943
1,2,4,5,7,14,15 	6
1,2,4,7,10,14 	272
1,3,4,14 	38
1,2,4,7,10,15 	1572
1,3,4,12 	25
1,2,4,7,10,13 	4
1,3,4,10 	7
1,2,4,7,10,11 	2
1,2,3,8,10,14,15 	788
2,10,14,15 	3
1,2,3,4,5,10,13,14,15 	52
1,2,3,4,5,9,10,13,14,15 	4
1,2,3,5,6,9,10,12,13,14,15 	9
1,5,6,8,14 	17
1,5,6,8,10 	4
1,3,4,5,6,10,14 	7
1,3,5,6,11,14 	1
1,2,3,4,7,9,10,11,13,14,15 	3
1,2,3,6,10,12,14,15 	29
1,2,10,12,13,15 	26
4,9,11 	2
1,2,3,5,11,14,15 	9
1,5,11 	376
1,2,4,5,7,10,13,14 	1
1,2,3,4,9,10,13,14,15 	1
1,2,4,5,7,10,13,15 	6
1,5,10 	3632
1,2,6,7,9,11,14,15 	1
1,5,13 	9
1,5,14 	6371
1,2,6,9,11,13 	4
1,2,6,9,11,14 	3
1,2,3,4,5,7,8,14,15 	6
2,15 	136561
2,14 	54162
1,3,4,6,8,12,14 	1
1,2,3,4,9,10,11,14,15 	31
2,11 	1116987
2,10 	312
1,2,4,5,7,10,11,12,15 	2
1,2,3,5,6,8,9,14,15 	1
1,2,5,6,8,10,11,13,14 	4
1,2,3,4,8,9,10,13,14,15 	1
1,2,3,6,10,13,14,15 	35
1,2,5,6,7,8,9,10,11,12,14 	3
1,2,3,4,5,10,11,14,15 	211
1,2,4,5,6,10,11,13,14,15 	11
1,2,5,7,10,13,15 	1
1,2,3,4,5,10,12,14,15 	1352
1,2,7,8,14,15 	1
1,2,4,5,10,11,13,14,15 	114
1,2,3,4,5,6,10,11,13,14 	1
1,2,3,4,9,10,12,14,15 	28
1,2,6,7,9,10,14,15 	1
1,2,3,4,6 	9
1,2,3,4,7,10,15 	2543
1,2,3,4,9 	1
1,2,3,4,7,10,14 	48
1,2,3,4,8 	1
1,2,3,4,5,6,10,11,13,15 	1
1,2,7,8,9,10,13 	1
1,2,7,8,10,14,15 	18
1,2,5,10,11,13,14,15 	1235
1,2,3,5,9,10,11,12,14,15 	3
1,2,6,8,9,10,11,13 	1
1,2,6,8,9,10,11,12 	3
1,2,3,4,5,9,14,15 	1
1,2,3,4,7,8,9,10,14,15 	24
1,5,6,8,9,14 	2
1,2,6,8,9,10,11,14 	4
1,2,4,5,6,7,8,10,13,14,15 	1
1,2,3,4,6,7,10,14 	9
1,2,3,6,7,10,12,14 	3
1,2,3,6,7,10,12,15 	1
2,3,4,11,15 	34
1,2,4,5,6,11,13 	1
1,2,3,5,6,7,10,12,13,14,15 	1
1,2,4,5,10,12,15 	20
1,2,3,8,14,15 	55
1,2,4,5,6,7,10,12,13,14,15 	1
1,2,3,7,9,10,14,15 	28
2,3,10,14,15 	1
1,2,4,7,13,15 	13
1,2,3,7,10,12,15 	524
1,2,3,7,10,12,14 	2
1,2,4,9,10 	2
10 	916
11 	5121
12 	137568
1,2,4,10,13,14 	2
13 	95
1,2,4,10,13,15 	68
1,2,4,6,7,10,13,15 	1
1,2,11,14,15 	185
14 	125120
15 	6823696
1,2,5,8,10,12,15 	1
1,3,4,6,8 	2
1,10,12,15 	1
1,2,4,9,10,11,13,14,15 	6
1,2,5,6,8,9,10,11,12,14 	2
1,2,4,5,7,9,10,14,15 	11
1,2,4,6,7,9,10,11,13,14,15 	3
1,2,3,7,10,14 	16
1,2,4,9,10,14,15 	12
1,2,3,7,10,15 	1410
1,2,6,10,14 	4978
1,2,6,10,13 	48
1,2,6,10,15 	17
1,2,3,7,9,10,11,12,14,15 	3
1,2,4,11,13,14,15 	1
1,2,6,10,11 	61
1,2,3,4,5,6,7,9,10,11,13,14,15 	4
1,6,8,11,14 	1
2,3,10,11,14,15 	1
1,2,5,6,7,10,14,15 	18
1,2,3,4,6,10,12,14 	47
1,2,3,4,5,6,7,8,10,13,14,15 	3
1,2,5,10,11,13 	1713
1,2,5,10,11,14 	23876
1,2,5,8,10,12,13,15 	1
1,2,5,10,11,15 	75
1,2,4,9,11 	1
1,2,3,4,6,8,9,10,11,12,14,15 	2
1,2,3,4,7,9,10,11,12,14,15 	15
1,2,10,11,15 	541
1,2,3,5,6,7,8,10,14,15 	2
1,2,10,11,14 	242089
1,2,10,11,13 	2956
1,2,5,6,7,9,10,11,13,14 	5
1,2,9,14,15 	1
1,2,4,7,10,11,13,14,15 	150
1,2,3,4,6,8,10,12,14,15 	36
1,2,4,5,6,7,8,10 	1
5,6,14 	302
1,2,3,4,5,7,12,14,15 	12
1,2,6,11,14,15 	3
2,4,11,15 	14
1,2,3,5,6,7,8,9,10,11,13,14,15 	2
1,2,4,5,9,10,14,15 	16
1,8,11 	1
1,2,4,5,6,10,12,13,15 	1
1,8,10 	93
1,2,3,5,7,9,10,14,15 	47
1,2,3,5,6,7,10,12,14 	4
1,2,5,6,8,9,10 	2
1,2,4,5,7,8,14,15 	1
1,8,14 	220
1,2,5,6,8,9,14 	3
1,2,3,6,10,13,14 	34
1,2,13,14,15 	145
1,2,3,4,5,6,7,9,10,12,14 	1
1,2,3,4,15 	1640
1,2,8,10,13,14,15 	5
1,2,3,4,13 	1
2,10,11,14 	15
1,2,3,4,14 	1209
3,4,14,15 	4
2,5,10,11,14 	2
1,2,4,5,8,9,10,11,13 	1
1,2,3,4,12 	3
1,2,3,10,14,15 	56973
1,2,7,14,15 	187
1,2,3,4,10 	24
1,2,4,6,8,10 	1
4,12,15 	125432
1,2,3,9,10,12,14,15 	47
1,2,3,4,7,8,12,14,15 	8
1,2,5,8,9,10,11 	1
1,2,4,14,15 	337
1,2,4,6,8,12 	1
1,2,5,8,9,10,14 	3
1,2,4,6,8,14 	8
1,2,4,5,10,12,14,15 	643
1,2,4,6,7,10,12,14,15 	17
2,3,4,11,14,15 	1
1,2,3,10,15 	6051
1,2,3,10,14 	3915
1,2,3,10,13 	1
1,2,9,10,14,15 	244
1,2,3,4,6,7,10,11,15 	1
1,2,4,5,7,10,11,12,14,15 	5
1,2,3,4,6,8,14,15 	3
1,2,3,4,6,7,11,12,14,15 	1
1,2,3,6,9,14 	16
1,2,3,5,6,8,10,12,13,14,15 	5
1,2,3,4,6,13,14 	63
1,5,6,10 	85
1,2,5,7,10,12,14,15 	1043
1,2,3,5,8,10,11,14,15 	23
1,5,6,11 	19
1,2,3,5,10,15 	31
1,5,6,14 	193
1,2,3,8,10,12,13,14,15 	3
1,2,3,5,10,14 	776
1,2,5,6,7,12,14,15 	1
2,3,7,11,15 	6
1,2,3,12,14,15 	175
1,2,3,4,6,7,8,10,13,14,15 	1
1,2,4,9,10,11,13,15 	3
1,2,4,9,10,11,13,14 	6
1,2,8,10,12,14,15 	101
1,2,5,6,7,10,11,12,13,14,15 	1
1,2,4,5,7,8,10,15 	16
7,9,11,12 	8
1,2,5,6,7,10 	2
1,2,7,10,11,13,14,15 	21
1,2,3,4,7,8,10,14,15 	1309
1,2,4,6,9,10,11,14 	2
1,2,4,6,8,10,15 	1
1,2,3,4,7,8,9,10,11,13,14,15 	1
1,2,4,6,8,10,14 	4
1,2,4,6,9,10,11,13 	13
2,4,7,14,15 	44
1,2,3,4,6,8,9,12,14 	2
1,2,3,9,10,11,14,15 	131
1,2,8,10,11,12,14,15 	1
2,3,4,7,12,14,15 	60
1,2,3,6,7,10,12,14,15 	19
1,2,4,5,9,10,11,13,14 	6
1,2,3,8,10 	3
2,3,7,12,14,15 	5
1,2,3,8,14 	76
1,2,4,10,12 	1
1,2,4,10,11 	60
1,2,4,10,14 	573
1,2,4,10,13 	39
1,2,5,6,9,10,11,12,13,14,15 	1
2,3,4,7 	3
1,2,4,10,15 	1831
6,14 	389
1,2,4,5,13,15 	1
6,13 	22
1,2,3,6,7,10,13,14,15 	1
1,2,3,6,14,15 	28
1,2,8,10,11,13,14,15 	1
12,15 	643014
1,2,3,5,6,8,10,13,14,15 	2
1,2,3,4,6,7,8,9,12,14,15 	2
6,11 	92
1,5,6,8,9,10,11,14 	2
1,2,9,10,11,12,14,15 	1
1,2,3,6,7,10,12,13,14,15 	1
1,2,4,7,10,11,12,14,15 	8
1,2,6,10,12,13,15 	2
1,2,4,6,9,10,11 	32
1,2,3,5,6,8,10,12,14,15 	11
1,3,4,5,6,8,10,14 	2
2,7,11,15 	3
1,2,3,4,7,8,9,10,11,12,14,15 	1
1,2,4,5,7,10 	40
1,2,4,5,6,9,10,12,13,14,15 	2
1,2,5,8,10,11,13,15 	1
1,2,5,8,10,11,13,14 	13
1,2,4,5,7,15 	1
1,2,3,5,14,15 	101
1,2,3,9,10,14 	4
1,2,6,8 	30
1,2,6,7 	2
1,2,3,7,10,12,13,14,15 	24
1,2,4,5,6,8,9,10,11 	2
1,2,8,9,10,14 	1
1,2,4,6,10,14,15 	102
1,2,3,4,6,7,9,10,12,13,14,15 	2
1,6,10,13,14 	1
1,2,3,4,14,15 	730
1,2,3,4,6,7,8,12,14,15 	3
1,2,9,10,11,13,14,15 	3
1,2,3,6,10,12,13,14,15 	4
1,2,3,5,8,14 	8
1,2,6,8,10 	13
1,2,8,10,13 	1
1,2,8,10,14 	5489
1,2,8,10,11 	4
1,2,5,10,13,14,15 	1288
1,2,4,6,8,10,12,15 	1
1,2,8,10,15 	27
2,3,4,7,10,14,15 	1
1,2,3,6,7,10,11,14,15 	9
1,2,3,4,6,8,10,14 	32
1,2,3,4,5,8,9,10,14 	1
1,2,6,8,9,10,11,13,14,15 	2
1,2,4,8,10,11,14,15 	1
1,2,3,4,6,7,8,10,12,14,15 	133
1,2,6,8,14 	135
1,2,6,8,13 	2
1,5,6,9,10,11 	1
1,5,6,9,10,14 	5
1,2,5,9,10,11,13 	39
1,2,5,9,10,11,14 	22
1,2,4,6,7,10,15 	4
1,2,4,6,7,10,14 	19
2,9,11,14 	1
1,2,5,6,8,10,13,15 	1
1,2,3,4,5,7,8,9,12,14,15 	1
1,2,12,15 	1142
1,2,12,14 	1
1,2,4,5,6,7,10,12,15 	15
1,3,4,8,14 	2
1,3,9 	1
1,3,8 	7
1,3,6 	47
1,2,3,4,6,7,8,10,14,15 	85
1,3,5 	6
1,3,4 	47
1,5,6,8,10,14 	5
1,2,3,4,6,9,10,14 	4
1,2,3,4,5,7,8,9,10,14,15 	62
1,2,4,5,9,10,11,13,14,15 	3
1,2,5,10,11,14,15 	1097
1,2,4,5,8,10,12,14,15 	36
1,2,5,6,7,9,10,11,13,14,15 	1
1,2,4,8,10,12,14,15 	26
1,6,9,10,11,13,14 	2
1,2,4,6,7,8,9,10,11,12,14 	2
1,2,6,11 	20
1,2,6,10 	257
1,2,6,15 	3
1,2,6,14 	3075
1,2,3,5,8,10,14,15 	726
1,2,6,13 	19
1,2,4,6,8,11,12,14 	1
1,2,9,10,14 	576
1,2,4,5,8,10,13,14,15 	1
1,2,5,6,10,11,13 	76
1,2,9,10,15 	1
1,2,5,10,12,14,15 	3467
1,2,3,4,6,7,8,10,11,14,15 	1
1,2,5,6,10,11,14 	393
1,2,5,6,10,11,15 	9
1,2,4,8,10,13,14,15 	1
1,2,9,10,11 	185
1,2,3,5,7,8,10,11,12,14,15 	1
1,2,9,10,13 	1
2,10,14 	516
1,2,5,7,8,10,12,15 	2
1,2,3,11,14,15 	479
2,10,11 	1
1,2,4,5,6,8,9,10,12,14,15 	3
1,2,5,12,14,15 	15
1,2,4,5,7,10,12,14 	1
1,2,4,5,7,10,12,15 	223
1,2,3,4,5,11,14,15 	1
1,3,10,14 	123
1,2,4,6,7,9,11,14,15 	1
1,3,10,15 	2
1,2,3,7,10,11,13,14,15 	31
1,2,3,4,5,6,8,10,13,14 	2
1,2,4,6,8,9,10,14 	1
1,2,3,11,12,14,15 	2
1,2,3,4,5,7,10,12,15 	10
1,2,3,4,7,12,14,15 	330
1,2,4,6,14,15 	3
1,2,4,6,8,9,10,11 	2
1,2,3,4,5,7,10,12,14 	3
1,2,3,4,6,7,10,11,12,14,15 	21
1,2,3,4,9,10,14 	1
1,2,4,5,6,7,10,14 	11
1,2,4,5,6,7,10,13 	2
1,2,4,5,6,7,10,15 	8
1,2,7,10,11 	33
1,2,7,10,11,15 	2
1,2,7,10,11,14 	5
1,2,7,10,15 	1087
1,2,7,10,11,13 	11
1,2,7,10,14 	289
1,2,7,10,13 	3
1,2,3,5,8,9,12,14,15 	1
2,12,14,15 	7
1,2,4,5,6,10,12,13,14,15 	1
1,2,5,6,10,11,14,15 	41
2,3,4,12 	26
9,10,11,14 	582
1,2,7,13,14,15 	2
2,3,4,14 	67
2,3,4,15 	25760
1,2,5,7,8,10,12,14,15 	12
1,2,3,4,5,6,7,8,9,10,11,13,14,15 	1
1,2,3,4,6,9,10,14,15 	4
1,9,10,11,14 	3
1,2,5,6,8,9,10,11,13,14,15 	4
1,2,5,6,13,14,15 	2
1,6,9,10,11,14 	2
1,2,10,12,14,15 	9404
1,2,3,4,12,14 	106
1,2,3,4,12,15 	565
1,2,7,10,12,13,14,15 	15
1,2,4,5,6,9,10,13,14 	4
1,2,6,7,9,11 	1
1,2,12,13,14,15 	6
1,2,6,7,9,10 	1
1,5,9,10,14,15 	1
1,2,6,8,10,13,15 	1
1,2,4,5,7 	1
1,2,4,5,6 	3
1,2,4,5,6,7,8,9,10,12,13,14,15 	1
1,2,3,5,6,7,9,10,11,14,15 	3
1,3,4,5,6,8,14 	3
1,2,6,8,10,13,14 	1
1,2,4,10,11,13,14 	283
1,2,4,10,11,13,15 	51
1,2,4,7,9,10,11,13,15 	1
1,2,6,10,11,13,14 	354
1,2,6,10,11,13,15 	18
1,2,5,6,7,8,9,10,11,13,14 	1
1,2,8,10,11,13,14 	7
3,8,14 	10
1,2,5,13,14 	1342
1,2,5,13,15 	8
1,2,3,4,6,7,9,11,12,14,15 	1
1,2,6,7,8,10,14,15 	1
1,2,3,4,5,6,8,10,14 	23
1,2,3,4,7,13,15 	3
1,2,3,4,7,8,10,11,14,15 	1
1,2,3,5,7,14,15 	7
1,2,3,4,10,12,15 	501
1,2,3,6,7,8,10,14,15 	4
1,2,3,8,10,14 	67
1,2,3,8,10,15 	1
1,2,4,6,7,10,13,14,15 	4
1,2,3,4,10,12,14 	77
1,2,3,4,6,8,10,12,13,14,15 	2
1,2,8,9,10,11,15 	1
1,2,8,9,10,11,13 	3
1,2,3,5,10,13,15 	3
1,2,4,5,7,9,10,11,13,14,15 	1
1,2,3,5,10,13,14 	42
1,2,4,5,6,7,9,10,12,14,15 	22
1,3,4,5,6,8,12,14 	2
1,2,4,5,7,10,11,13,14,15 	3
1,2,3,4,5,6,7,10,11,12,14,15 	5
1,2,3,4,6,8,14 	154
1,2,6,8,10,11 	1
1,2,6,8,10,14 	104
1,2,4,6,9,10,11,12,14,15 	1
1,2,6,8,10,13 	1
1,2,3,4,6,7,11,13,14,15 	1
1,2,3,6,9,10,11,12,14,15 	4
1,3,4,12,14 	5
1,2,3,4,5,6,7,8,10,12,14 	2
1,2,5,6,7,8,9,10,13,14,15 	1
1,2,6,7,9,10,11,12 	1
1,2,12,14,15 	212
1,2,6,7,9,10,11,14 	2
1,2,3,10 	167
1,2,6,7,9,10,11,13 	2
1,2,3,11 	1
1,2,3,14 	2402
1,2,5,9,10,13,14 	107
1,2,3,13 	1
1,2,3,15 	6545
1,2,6,10,14,15 	216
1,2,3,5,6,10,13,14 	18
1,2,5,6,11,13,14 	3
9,11,13 	12
9,11,12 	38
9,11,14 	2477
1,2,4,5,12,15 	1
1,2,4,5,12,14,15 	3
1,2,4,5,6,7,8,9,10,11,14,15 	2
1,2,4,5,7,8,10,13,15 	1
1,2,3,7,10,11,12,13,14,15 	1
1,2,5,9,10,13,15 	1
1,2,4,7,9,10,12,13,14,15 	2
1,2,4,5,7,10,13,14,15 	64
1,2,4,5,9,10,13,14,15 	1
3,9,11,14 	538
1,2,3,4,8,10,14,15 	1501
1,2,3,4,6,10,11,12,14,15 	5
1,2,3,6,10,11,14,15 	356
1,2,4,7,8,10,14,15 	133
1,2,3,4,7,10,13,15 	2
1,2,3,4,6,9,10,11,13,14,15 	28
1,2,3,4,5,6,8,9,10,14 	3
1,2,5,9,10 	11
1,2,5,9,11 	1
1,2,4,5,6,7,10,12,14,15 	40
1,2,6,7,10,12,15 	2
1,2,5,7,10,11,12,15 	1
1,2,6,7,10,12,14 	1
1,2,3,5,7,10,14,15 	3765
1,4,11 	2
1,2,4,5,6,8,9,10,11,12,14 	2
1,4,10 	8
4,11,14 	1
1,4,14 	1
1,2,3,4,6,7,9,14,15 	1
1,2,3,6,7,15 	1
4,11,15 	2
1,2,3,4,5,7,9,10,11,14,15 	5
1,2,3,5,9,11,14,15 	1
1,2,7,9,11 	1
1,2,7,9,10 	3
1,2,4,5,7,10,11,13,15 	6
2,3,11,15 	5378
1,2,6,7,9,10,11,14,15 	1
1,2,7,9,10,12,14,15 	25
1,2,5,9,14 	26
1,2,3,4,5,6,14 	361
1,2,10,13,15 	421
1,2,4,7,9,10,13,14,15 	1
1,2,10,13,14 	142801
1,2,3,4,5,7,14,15 	34
1,2,3,4,5,6,10,11,14,15 	58
1,2,5,6,7,10,11,14,15 	1
1,3,4,10,11,13,15 	1
1,2,3,4,5,6,7,10,12,14 	27
1,2,6,7,11,13 	1
1,2,3,10,12,13,15 	4
1,2,4,5,6,8,9,10,11,13,14,15 	3
1,2,4,6,10,11,13,14,15 	11
1,3,4,6,11,14 	1
1,2,7,10,12,13,15 	4
1,2,3,4,7,11,13,14,15 	1
1,2,6,9,10,14,15 	44
1,2,4,7,8,15 	1
1,2,3,4,5,12,15 	1
3,12,15 	86720
1,2,6,7,9,10,11,13,14,15 	1
1,2,4,9,11,13,14,15 	1
1,2,5,6,7,10,11,14 	1
1,2,5,6,7,10,11,13 	1
1,2,4,7,8,10 	6
1,2,3,5,6,12,14,15 	1
1,3,4,9,10,14 	1
1,2,3,5,6,8,10,11,13,14,15 	19
1,2,3,4,5,8,9,10,11,14,15 	1
1,2,3,4,5,10,11,13,14 	2
1,2,3,4,5,10,11,13,15 	6
2,3,4,5,8,10,14,15 	1
1,2,4,6,7,10,11,13,15 	1
1,2,3,9,11,13,14,15 	1
1,2,4,6,8,14,15 	1
1,2,6,7,10,11,12,15 	1
1,2,4,8,10,12,15 	6
1,3,5,15 	1
1,3,5,14 	2
1,2,4,6,10,11 	4
1,2,4,6,10,12 	1
1,2,4,7,13,14,15 	29
1,2,4,6,10,13 	3
1,2,4,6,10,14 	42
1,3,5,10 	4
1,2,4,6,10,15 	1
1,2,3,4,5,6,9,10,11,13,14,15 	46
1,2,5,6,9,10,12,13,14,15 	8
1,3,5,6,9,14 	5
1,2,3,6,7,8,10,12,14,15 	3
1,2,5,7,10,15 	37
1,9,10,11,14,15 	1
1,2,10,11,12,15 	3
1,2,10,12,13,14,15 	298
1,5,6,8,10,11,14 	1
1,3,4,5,9,10,14 	1
1,2,4,6,10,11,14,15 	13
1,2,3,5,7,11,13,14,15 	1
1,2,3,4,5,6,9,10,11,14,15 	6
1,5,6,11,14 	1
1,2,5,7,10,13 	1
1,2,5,7,10,14 	39
1,5,6,11,12 	1
1,2,3,5,11,13,14,15 	42
1,2,5,7,10,11 	2
1,2,5,7,10,12 	1
1,2,3,6,8,14,15 	2
1,2,4,5,10,13,14 	7
1,2,4,5,10,13,15 	29
1,2,5,7,10,12,15 	29
1,2,3,4,5,6,10,12,13,14 	1
1,2,5,6,7,9,10,12,14,15 	3
3,4,11,15 	121
1,4,6,10,14 	1
1,2,5,7,9,10,13,15 	1
1,2,4,7,9,10,11,13 	2
1,4,8,9,11 	1
1,2,3,5,12,14,15 	1
1,2,5,6,8,9,10,12,14,15 	1
1,2,3,5,6,7,10,11,12,14,15 	1
1,2,4,7,10,11,12,15 	4
1,2,3,4,5,7,9,10,14,15 	126
1,2,3,4,5,6,9,12,14 	2
1,2,3,5,6,8,9,10,14,15 	1
1,6,8,13 	1
1,2,4,5,6,9,10,11,13,14,15 	8
1,6,8,10 	5
1,2,3,4,7,10,12,13,14,15 	58
1,2,3,4,8,9,10,12,14,15 	4
3,4,12 	462
1,2,3,4,5,10,12,15 	4
3,4,11 	1
1,2,3,4,5,10,12,14 	17
1,2,4,6,9,10,14,15 	2
3,4,15 	258422
1,6,8,14 	16
3,4,14 	3
1,2,3,5,8,9,10,13,14,15 	2
1,4,8 	2
1,4,6 	1
1,2,3,4,5,6,8,14,15 	3
1,2,3,4,5,7,8,10,14,15 	1566
1,2,4,10,11,13,14,15 	500
1,2,6,9,10,12,13,14,15 	4
1,2,3,4,5,8,10,12,13,14,15 	3
1,2,3,4,5,6,10,11,12,13,14,15 	3
2,3,5,7,10,14,15 	1
1,2,3,5,7,10,14 	4
1,2,3,5,7,10,15 	2
1,2,11,15 	32
1,2,11,14 	10731
1,2,11,13 	682
1,3,10,13,14,15 	1
1,2,3,4,5,7,10,11,12,13,14,15 	2
1,2,3,12,13,15 	2
1,3,5,10,14 	8
1,2,6,11,13,15 	4
1,2,4,5,6,10,12,14,15 	17
1,2,6,11,13,14 	15
1,2,6,8,14,15 	1
3,15 	5608076
3,14 	85671
1,2,7,9,10,11,13 	6
3,12 	615
3,11 	2560
3,10 	5
1,2,5,6,9,10,11,12,14,15 	4
3,11,12,15 	1
1,2,3,4,6,10,13,15 	1
1,2,5,6,7,10,13,14,15 	3
1,2,3,4,6,10,13,14 	13
1,2,3,6,8,11,14,15 	1
1,2,4,6,7,8,9,10,11,13,14,15 	1
1,2,3,5,14 	83
1,2,4,6,7,10,12,15 	16
1,2,3,5,15 	9
1,2,4,10,12,15 	433
1,2,3,5,6,10,11,12,14,15 	2
1,2,4,10,12,14 	2
1,2,6,7,8,9,10,11 	1
1,2,3,4,6,7,8,9,10,12,14,15 	111
1,2,6,11,13,14,15 	4
1,2,3,5,11,15 	1
1,2,3,5,10 	8
6,11,13 	150
1,2,3,5,6,8,9,10,14 	2
1,2,3,4,5,6,7,9,10,13,14,15 	1
1,2,7,9,10,11 	6
1,2,4,5,6,8,10 	1
1,2,4,5,6,12,14 	1
1,2,3,4,6,7,8,10,11,13,14,15 	2
1,2,4,6,7,8,9,10,14,15 	1
1,4,6,9,14 	1
1,2,4,5,6,8,14 	1
2,9,11 	20
1,4,6,9,10 	1
1,2,3,8,9,10,12,14,15 	2
1,2,4,5,6,11,13,14 	1
1,2,8,9,11,13,14,15 	1
1,2,3,4,6,14,15 	17
1,2,3,4,5,7,10,11,12,14,15 	47
1,2,4,5,6,7,8,10,15 	3
1,2,6,7,10,12,14,15 	1
1,2,4,9,10,13 	3
1,2,4,9,10,11 	26
2,3,7,12,15 	2166
1,2,4,10,13,14,15 	209
1,2,6,9,10,12,14,15 	18
1,2,3,6,8,10,11,14,15 	2
1,2,3,6,8,9,10,11,14,15 	2
1,2,6,10,13,14,15 	22
1,2,3,4,5,6,7,10,12,13,14,15 	12
1,2,3,5,10,12,14,15 	2227
1,2,3,4,5,6,12,14 	51
1,5,9,10,11,14 	1
1,2,3,4,6,7,9,10,12,14,15 	117
1,2,3,4,6,7,10,12,14 	25
1,2,9,10,13,15 	1
1,2,3,4,6,7,10,12,15 	1
1,2,9,10,13,14 	80
1,2,3,4,6,8,13,14 	3
1,2,4,7,12,15 	564
1,2,3,6,12,14,15 	2
1,3,4,6,10,12,14 	1
1,2,3,7,10,11,15 	1
1,2,4,7,10,12,14,15 	4684
1,2,3,4,6,10,11,14,15 	119
1,2,3,4,8,10,11,14,15 	1
1,2,4,5,6,10,11,12,15 	1
1,2,3,10,11,13,14,15 	13612
1,2,3,4,5,7,8,12,14,15 	3
1,2,7,13,15 	2
1,2,3,5,7,12,14,15 	5
1,2,6,9,10,11,13,14,15 	9
1,2,3,6,7,9,10,14,15 	3
1,2,5,6,10,14,15 	317
1,2,4,5,8,10,15 	17
1,2,4,5,8,10,14 	1
1,2,4,9,10,12,14,15 	2
1,2,3,4,5,6,9,10,14,15 	5
1,2,5,6,7,9,10,11,12,14 	1
1,3,8,10,14 	2
1,2,5,6,7,8,9,10,11,14 	5
2,3,4,12,14 	15
1,2,5,6,7,8,9,10,11,13 	3
1,2,5,6,7,8,9,10,11,12 	1
1,2,3,4,6,10 	1
1,2,5,8,9,11 	1
1,2,5,8,9,10 	2
1,2,4,6,10,11,13 	10
1,2,4,6,10,11,14 	26
1,2,4,6,10,11,15 	6
1,2,3,4,6,14 	682
2,3,4,12,15 	2329
1,6,8,10,14 	2
1,2,4,7,9,10,14,15 	19
1,6,8,10,11 	1
1,2,4,6,8,9,10,13,14 	1
1,2,3,6,10,14,15 	273
1,2,5,7,13,14,15 	2
1,2,3,4,8,12,14 	1
1,2,8,10,12,15 	3
1,2,4,8,9,10,11,13 	1
1,2,3,4,10,12,13,15 	1
1,2,3,8,10,11,14,15 	18
1,2,9,10,12,14,15 	60
1,2,3,4,7,10,11,12,14,15 	150
2,7,12,15 	850
1,2,4,9,14,15 	1
1,2,4,5,10,11,13,15 	68
1,2,4,5,10,11,13,14 	146
3,12,14,15 	3
1,2,3,5,10,11,12,14,15 	19
1,2,4,5,6,9,10,12,14,15 	4
1,2,3,5,6,7,9,10,14,15 	4
1,3,4,9,14 	1
1,2,3,6,13,14 	20
1,5,11,14 	14
1,2,3,4,5,6,8,10,12,13,14,15 	1
1,5,11,13 	2
1,2,3,5,6,8,9,10,11,12,13,14,15 	1
1,2,3,5,7,10,13,14,15 	21
1,2,3,5,7,10,11,13,14,15 	11
1,2,6,10,11,15 	22
1,2,5,6 	300
1,2,6,10,11,13 	39
1,2,3,4,8,12,14,15 	1
1,2,6,10,11,14 	669
1,3,13,14 	1
1,2,5,8 	126
1,2,11,13,14,15 	99
2,4,7,12,14,15 	13
1,2,3,5,7,8,10,12,14,15 	41
1,2,4,8,9,11,14 	1
1,2,3,4,5,8,10,11,14,15 	2
1,2,4,8,9,11,13 	1
1,2,7,11 	1
1,2,7,10 	305
1,2,3,5,6,9,10,13,14,15 	2
1,2,7,15 	789
1,2,3,4,6,9,11,13,14,15 	1
1,2,7,14 	11
1,2,7,13 	1
1,2,4,6,9,11 	1
1,2,9,11,15 	1
1,2,3,9,11,14,15 	1
1,2,3,4,5,11,13,14,15 	2
1,2,3,4,5,6,7,8,10,12,13,14,15 	5
1,2,5,10,12,13,15 	10
1,2,3,4,5,6,8,12,13,14 	1
2,3,7,15 	29448
1,2,3,4,6,8,10,14,15 	113
1,2,5,6,7,9,10,14 	5
1,2,5,8,9,10,14,15 	1
1,2,5,6,7,9,10,11 	3
1,2,9,11,13 	2
1,2,5,6,8,9,10,13,14 	1
1,2,9,11,14 	4
1,2,4,5,6,10,11,14 	10
1,2,3,4,7,10,11,13,14,15 	320
1,2,4,5,6,10,11,15 	3
1,2,4,5,6,10,11,13 	14
1,2,5,9,10,11,13,14 	23
2,3,4,7,11,15 	5
1,2,3,4,7,9,14,15 	1
1,2,4,5,6,9,10,11 	2
1,2,3,4,6,8,10,11,13,14,15 	5
1,2,5,10,14,15 	23702
1,2,4,5,6,8,9,10,11,13 	6
1,2,4,5,6,8,9,10,11,14 	5
1,9,10,14,15 	1
1,2,3,4,12,13,15 	1
1,2,3,5,7,10,12,14,15 	1998
1,2,3,4,12,13,14 	5
1,2,4,6,9,10,11,13,14 	11
1,2,4,6,11,13,15 	1
1,2,5,8,10,13,14,15 	8
1,2,4,6,11,13,14 	1
1,2,5,9,10,12,13,14,15 	15
1,2,3,4,6,7,10,12,14,15 	392
1,2,5,8,10,13,14 	24
1,2,4,7,8,12,15 	1
1,2,5,6,7,9,11 	1
1,2,3,10,11,15 	95
1,2,3,10,11,14 	15
1,2,3,4,7,8,14,15 	28
1,2,4,11,13 	2
1,2,4,11,15 	2
1,2,4,11,14 	28
1,2,3,4,9,14,15 	1
1,2,5,6,10,11,12,13,14,15 	2
1,2,3,4,6,7,8,9,10,11,13,14,15 	1
1,2,3,4,5,9,10,14,15 	35
1,2,3,4,5,9,10,11,13,14,15 	13
2,3,4,5,7,10,14,15 	2
1,2,3,9,10,11,13,14 	1
1,2,3,4,5,6,7,8,9,10,12,13,14,15 	5
1,2,5,6,8,9,11,14 	1
1,2,4,6,8,10,12,14,15 	1
1,2,3,5,6,7,9,10,11,13,14,15 	3
1,2,3,4,5,7,10,15 	8
1,5,9,11 	3
1,2,3,4,5,7,10,14 	17
1,5,9,10 	2
1,2,3,6,8,9,14 	11
1,2,5,8,10,11,14,15 	9
1,10,13,15 	1
1,2,3,13,14 	61
1,5,9,14 	81
1,10,13,14 	68
1,2,4,8,14,15 	19
1,2,4,5,6,7,8,9,10,11,13,14,15 	4
2,3,14,15 	609
1,2,3,4,5,6,7,8,9,10,11,12,13,14,15 	2
1,2,9,10,11,14,15 	178
1,2,3,4,6,12,13,14 	20
1,2,6,11,14 	24
1,2,3,4,5,6,7,8,9,10,13,14,15 	1
1,5,6,8,9,10,11,12,14 	2
1,2,6,11,13 	3
2,5,10 	1
1,2,3,4,5,6,8,10,11,12,13,14,15 	1
1,3,10,14,15 	3
2,4,14,15 	69
1,2,5,6,8,11 	1
1,2,4,5,6,7,8,9,10,11,12,14,15 	13
1,2,5,6,8,10 	9
1,2,5,6,8,9,10,12,13,14,15 	1
1,2,3,4,5,9,12,14,15 	1
1,2,5,6,8,14 	59
1,2,3,4,5,6,8,9,10,14,15 	4
1,3,6,8 	16
1,2,5,7,9,10,11 	4
1,2,3,4,9,14 	9
1,2,4,8,12,15 	1
1,2,5,10,11,12,15 	2
1,3,5,6,8,9,14 	3
1,2,3,4,6,7,10,13,14,15 	4
1,2,4,6,9,10,11,14,15 	8
1,2,5,12,15 	5
1,2,3,4,7,12,15 	1625
1,2,4,12 	2
1,2,4,13 	3
1,2,4,10 	264
1,2,4,11 	6
1,3,6,10 	6
1,2,8,10,12,13,14,15 	8
1,3,6,11 	1
1,2,4,14 	157
1,2,4,15 	1463
1,3,6,14 	48
1,2,3,5,6,10,14,15 	258
1,2,4,5,6,7,10,11,13,14 	1
1,2,3,8,10,11,13,14,15 	14
1,2,6,7,8,9,10,11,12,14,15 	2
1,3,5,6,8,10 	1
1,2,3,4,5,6,12,13,14 	7
1,3,5,6,8,14 	12
1,2,3,5,7,8,10,12,13,14,15 	2
1,2,3,4,5,6,8,9,10,12,14,15 	2
1,2,3,4,8,9,10,14 	1
2,4,7,12,15 	1884
1,2,5,6,9,11 	1
1,2,5,6,9,10 	3
1,2,6,9,10,11,13,14 	27
1,2,4,6,9,10,13,14 	1
1,2,5,9,10,11,13,14,15 	10
1,2,5,6,9,14 	4
1,2,5,6,8,14,15 	1
1,2,12,13,15 	14
1,3,5,10,11,15 	3
1,2,3,6,8 	9
1,2,4,7,10,14,15 	8568
1,2,4,6,8,9,10,11,13,14,15 	3
1,2,3,5,8,10,14 	31
1,2,3,6,10,11,12,13,14,15 	2
1,2,3,4,5,6,10,14,15 	226
1,3,11,15 	69
1,2,3,4,5,6,8,10,14,15 	140
1,2,3,4,9,10,11,13,14,15 	21
1,2,3,4,7,12,13,15 	2
1,2,3,5,8,10,15 	1
5,6 	8744
1,2,5,9,10,13,14,15 	52
1,8,9,14 	1
1,2,3,5,6,10,12,14,15 	44
1,2,4,5,7,10,12,13,14,15 	13
1,2,6,8,10,14,15 	15
14,15 	10966
1,2,4,5,8,10 	1
1,2,4,5,9,10,11,14,15 	3
1,2,4,5,7,10,11,14,15 	6
1,5,6,8,9,10,11 	3
1,3,6,8,9,14 	8
1,2,5,6,10,11,13,15 	32
1,2,5,6,10,11,13,14 	381
1,3,6,8,9,10,14 	1
1,2,6,10,12,13,14,15 	2
1,2,3,5,7,8,9,10,12,14,15 	4
1,2,5,6,9,10,11,13,14,15 	10
1,2,5,6,9,10,13,14 	12
1,2,3,7,12,14,15 	103
1,2,3,6,10,11,13,14,15 	254
1,2,5,8,10 	62
1,2,6,7,10,13,15 	1
1,2,3,4,6,7,9,10,11,12,14,15 	39
9,10,11 	469
9,10,14 	9
1,2,4,5,6,7,9,10,11,12,14,15 	3
1,2,3,5,10,12,14 	1
1,3,10,11,15 	8
1,2,3,5,10,12,15 	3
1,2,4,6,7,8,10,14,15 	6
1,2,3,9,14 	10
1,2,4,10,11,14,15 	615
1,2,3,4,6,9,12,14,15 	2
1,2,3,4,6,8,9,10,11,14,15 	1
1,2,3,4,5,6,8,9,10,11,13,14,15 	11
1,2,3,7,10,13,14,15 	47
1,2,6,10,11,14,15 	107
1,3,4,11,15 	2
1,2,3,4,6,7,9,10,11,12,13,14,15 	1
1,14,15 	1
1,2,5,6,7,10,11,13,14 	2
1,2,4,9,10,13,14,15 	1
1,2,5,12,13,14,15 	1
1,3,10 	63
1,3,12 	3
1,2,3,4,10,11,14 	2
1,2,3,4,5,10,11,12,13,14,15 	2
1,2,3,4,6,7,9,10,11,14,15 	15
1,2,3,4,10,11,15 	9
1,2,4,10,12,14,15 	1862
1,3,14 	90
1,3,4,6,9,14 	2
1,5,6,10,11,14 	1
1,2,3,4,7,8,9,10,12,13,14,15 	1
1,3,15 	7
1,2,3,4,5,8,9,10,14,15 	11
1,2,4,7,10,13,14,15 	69
1,5,6,10,11,13 	1
1,2,4,5,7,10,11,15 	4
1,2,3,4,7,8,10,13,14,15 	4
1,2,6,10,12,14,15 	50
1,2,7,10,14,15 	6524
1,2,4,5,6,7,8,9,10,11,13,14 	1
1,2,5,6,9,13,14,15 	1
1,2,3,4,6,7,10,11,12,13,14,15 	1
1,2,4,7,10,11,13,15 	4
1,2,3,4,6,9,14 	14
1,2,4,7,10,11,13,14 	2
1,2,3,4,6,8,9,10,12,14,15 	4
1,2,3,6,8,10,11,12,13,14,15 	1
1,5,9,10,14 	12
1,2,4,6,7,8,9,10,11,12 	1
1,2,4,5,6,8,10,13,14 	1
1,2,5,6,8,10,12,13,14,15 	1
1,2,4,5,9,10,12,13,14,15 	1
1,2,3,6,8,9,10,14,15 	1
1,2,5,7,10,11,13 	4
1,2,3,4,6,10,11,12,14 	2
1,2,3,6,8,10,12,14,15 	3
1,2,3,4,7,10,11,12,13,14,15 	5
1,2,3,6,9,10,12,14,15 	19
1,2,4,6,8,9,10,12,14,15 	1
1,2,4,6,11,13 	1
1,2,4,11,14,15 	11
4,9,11,12 	1
1,2,3,4,5,6 	3
1,2,5,6,9,14,15 	1
1,2,3,6,9,10,13,14,15 	3
1,2,3,5,9,10,14,15 	128
1,2,3,6,8,10,11,13,14,15 	5
2,3,10,14 	2
1,2,4,7,11,14,15 	3
1,2,4,6,7,9,10,12,14,15 	17
1,2,6,7,9,10,12,14,15 	1
1,2,4,5,6,8,13,14 	1
1,2,3,4,8,9,14 	8
2,3,10,15 	1
1,2,3,5,9,10,14 	1
1,2,5,8,14 	154
1,2,4,12,14,15 	27
1,2,3,7,8,10,12,14,15 	27
1,2,4,5,11,13,15 	1
1,2,3,5,9,10,13,14,15 	11
1,2,3,7,8,9,10,14,15 	3
1,2,4,5,11,13,14 	1
1,2,4,5,10,14,15 	3631
1,2,3,5,6,7,10,12,14,15 	27
1,2,4,5,7,8,9,10,12,14,15 	9
1,2,3,4,6,7,8,14,15 	4
3,4,12,15 	82242
1,2,3,7,8,10,12,13,14,15 	1
1,2,4,5,6,7,10,12,13,15 	1
1,2,5,7,10,11,13,14 	1
1,2,3,4,5,7,9,10,12,14,15 	542
1,2,3,6,8,10 	2
1,2 	2254263
1,3 	202
1,4 	2
1,5 	60137
1,6 	22092
1,8 	1641
1,2,3,6,10,11,12,14,15 	4
1,9 	1382
1,2,3,6,8,14 	73
1,2,4,5,6,10,11,14,15 	11
1,2,3,4,7,9,12,14,15 	3
1,2,5,6,10,13,14,15 	62
1,2,11,13,15 	9
1,2,7,8,10 	1
1,2,3,4,6,7,8,9,10,12,13,14,15 	3
1,2,11,13,14 	2110
1,2,3,5,6,7,10,11,14,15 	4
1,2,4,5,7,10,12,13,15 	1
1,2,3,5,9,10,12,14,15 	69
1,2,4,5,7,12,14,15 	1
1,3,4,10,12,14 	1
1,2,6,7,9,10,11,13,14 	5
1,2,6,8,9,10,11 	2
1,2,6,8,9,10,14 	3
1,2,5,6,7,9,10,11,14,15 	2
1,2,3,4,5,6,10,11,13,14,15 	209
1,3,5,6,8,12,14 	1
1,10,11,13,14 	4
1,2,3,4,5,6,8,13,14 	2
1,2,4,5,6,7,8,10,14,15 	5
1,2,4,6,8,9,10,11,13,14 	3
1,2,3,4,5,8,10,14,15 	1430
1,2,3,6,8,9,10,12,13,14,15 	1
1,2,4,7,10,12,13,14,15 	18
1,2,3,4,6,7,9,12,14,15 	7
1,2,4,5,6,8,9,10,11,13,14 	6
1,2,6,7,8,9,10,11,13,14,15 	2
1,2,3,4,6,9,10,12,14,15 	13
1,2,3,4,7,9,10,13,14,15 	1
1,2,4,5,6,7,8,12,15 	1
1,2,4,6,10,12,14,15 	7
1,2,3,6,10,11,15 	2
1,2,3,6,10,11,14 	1
1,2,5,9,10,11 	22
1,2,4,7,12,13,14,15 	1
3,11,14 	5467
1,2,3,10,11,14,15 	14344
1,2,3,4,7,9,10,14,15 	89
3,11,15 	13846
1,2,3,6,7,14,15 	2
1,2,7,10,11,14,15 	33
1,2,4,5,7,9,10,12,13,14,15 	2
1,2,3,4,5,6,8,9,14 	6
1,2,5,9,10,15 	1
1,2,5,9,10,14 	497
1,2,5,9,10,13 	5
1,2,10,12,14 	5
1,2,6,9,11,13,14 	1
1,2,10,12,15 	1624
2,11,15 	133
1,2,3,4,7,9,11,14,15 	1
2,11,14 	19
1,2,3,4,6,9,10,13,14,15 	3
1,2,3,5,6,7,10,11,13,14,15 	4
1,2,3,5,6,8,14 	47
1,2,5,8,10,11 	5
1,2,5,8,10,13 	3
1,2,3,10,12,14,15 	5362
1,2,5,8,10,14 	2226
1,2,5,8,10,15 	11
1,2,5,6,8,9,10,11,14,15 	5
1,2,4,5,6,7,10,13,14,15 	6
1,2,4,5,6,13,15 	3
1,2,7,10,12,14,15 	2517
1,2,6,8,9,10,11,13,14 	5
1,2,5,6,11,13 	1
1,2,5,6,11,14 	8
1,2,4,7,8,12,14,15 	1
1,3,4,6,10,14 	3
1,2,4,6,10,13,14,15 	17
1,2,6,9,10,13,14 	4
1,2,3,5,7,10,11,12,13,14,15 	1
1,11,12 	2
1,11,13 	11552
1,3,4,5,10,14 	2
1,3,4,6,14 	41
1,11,14 	284
10,11 	44915
1,2,3,4,5,6,8,9,10,11,14,15 	4
1,2,4,5,6,7,10 	2
1,2,3,4,5,6,13,14 	27
1,2,7,10,11,12,13,14,15 	1
1,2,4,5,6,7,14 	4
1,4,5,6,14 	2
1,5,6,10,13 	2
1,5,8,9,10,14 	1
1,2,3,5,8,10,12,13,14,15 	5
1,2,3,5,8,10,11,12,13,14,15 	1
1,5,6,10,11 	11
1,2,3,4,7,9,10,12,14,15 	345
1,2,10,13,14,15 	1960
10,14 	1215426
1,5,6,10,14 	79
1,6,8,9 	4
1,2,4,6,9,11,13,14 	1
1,2,5,6,9,10,13,14,15 	28
1,2,3,5,12,15 	2
1,2,3,9,11,12,14,15 	1
1,2,4,9,11,14 	1
1,2,4,9,11,13 	1
1,2,3,4,5,6,8,10,11,13,14,15 	6
1,2,3,8,9,10,11,13,14,15 	1
1,5,9 	1
1,2,5,7,8,9,10,13 	1
1,2,3,5,7,10,12,13,14,15 	18
1,5,8 	259
1,2,3,4,9,12,14,15 	1
1,2,5,10,11,12,13,14,15 	21
1,5,6 	1053
2,5,10,11,14,15 	1
1,2,3,4,5,6,7,8,9,12,14,15 	1
1,2,6,8,13,14 	2
1,2,3,5,6,8,10,14 	20
1,2,3,4,5,6,8,9,12,14 	2
1,2,8,9,14 	1
1,2,3,4,5,6,7,10,11,13,14,15 	17
1,2,4,5,10,12,13,14,15 	17
1,2,3,5,6,7,10,14,15 	29
1,2,3,5,6,14 	339
2,3,7 	2
1,2,4,5,7,8,12,15 	1
1,2,3,4,5,6,7,9,10,14,15 	39
2,3,4 	527
1,2,3,5,6,10 	4
1,2,9,11,13,14,15 	1
1,2,3,4,5,8,12,14,15 	1
1,2,7,12,14,15 	47
1,2,3,4,6,8,9,10,14 	4
1,2,10,11,13,14,15 	1897
1,6,9,10 	2
1,2,3,4,5,9,10,12,13,14,15 	2
1,6,9,11 	38
1,6,9,13 	7
1,2,4,5,6,8,9,10,14,15 	1
1,6,9,14 	45
8,10,11 	1
1,2,5,7,8,10,11,14,15 	1
1,2,3,5,9,10,12,13,14,15 	4
2,3,6,10,14,15 	1
8,10,14 	13372
1,2,5,7,9,10,14,15 	24
1,3,8,9,10,14 	1
1,2,4,13,14,15 	9
4,14,15 	1
1,2,4,6,7,9,10,11,14,15 	4
6,10,11,13 	1
1,2,5,8,9,10,11,13 	4
1,2,3,5,6,10,11,12,13,14,15 	2
1,2,5,7,8,9,10,12,14,15 	1
4,11 	15
4,12 	6270
1,3,5,11,15 	2
4,14 	42845
4,15 	1418901
2,14,15 	328
6,9,11 	8
1,2,3,4,5,10 	2
1,2,5,6,7,8,9,10,11,12,14,15 	2
1,2,4,6,7,8,9,10,12,14,15 	10
1,2,3,6,9,10,14 	1
2,8,14 	34
1,2,3,4,6,9,11,14,15 	1
1,2,6,7,9,10,11,12,14,15 	1
1,2,6,7,8,9,10,11,14 	1
1,2,6,7,8,9,10,11,13 	2
1,2,5,6,7,9,10,13,14 	1
1,2,3,4,5,6,7,8,9,10,11,12,14,15 	2
1,3,14,15 	3
2,8,10 	1
1,2,8,10,13,14 	21
1,2,4,7,8,9,10,12,14,15 	3
1,2,4,5,6,7,10,14,15 	66
1,2,4,7,10 	250
1,2,4,7,14 	19
1,2,4,7,15 	1044
1,2,8,14 	1157
1,2,8,15 	2
1,2,3,5,7,9,10,13,14,15 	3
1,4,6,8,14 	3
1,2,8,10 	173
1,2,8,13 	1
1,4,10,14 	2
1,2,3,5,6,10,12,13,14,15 	7
1,2,5,11,13,15 	2
1,2,5,11,13,14 	280
1,2,3,4,5,15 	2
1,2,3,4,5,14 	16
1,3,4,5,6,8,9,14 	1
1,2,3,7,10,12,14,15 	4758
2,7,10,14,15 	1
1,2,3,6,7,9,10,11,14,15 	5
1,2,4,6,8,12,14 	1
1,2,3,5,6,9,10,11,13,14,15 	27
1,2,3,7,13,14,15 	2
1,2,4,6,9,10,11,13,14,15 	5
1,2,3,9,10,11,12,14,15 	3
1,2,3,4,5,6,7,10,14 	15
1,2,5,7,8,9,10,11,13 	1
1,2,5,6,14,15 	3
1,2,4,5,6,7,9,10,11,13,14,15 	6
1,2,4,10,11,14 	679
4,12,14,15 	1
1,2,4,10,11,13 	71
2,7,12,14,15 	1
1,2,6,7,10,15 	1
1,5,6,9,10,11,13,14,15 	2
1,2,6,7,10,14 	8
1,2,4,8 	1
1,2,3,4,5,8,14 	5
1,2,4,7 	17
1,2,4,6 	6
1,2,6,7,10,11 	2
1,2,4,5 	2
1,2,5,6,8,10,11,13 	3
1,2,5,6,8,10,11,14 	5
1,2,10,13 	19199
1,2,4,6,9,10,12,14,15 	3
1,2,10,14 	1697303
1,2,10,11 	22799
1,2,4,10,11,15 	73
1,2,3,5,8,14,15 	6
1,2,3,4,6,8,9,10,12,13,14,15 	1
1,2,3,4,7,9,10,12,13,14,15 	10
1,2,10,15 	13371
1,2,5,9,10,12,14,15 	81
1,2,3,5,6,10,11,14,15 	212
1,2,3,7,11,14,15 	4
1,2,4,7,8,10,13,14,15 	1
1,2,3,4,5,6,7,9,12,14,15 	1
1,2,3,4,10,11,14,15 	1940
1,3,6,9,14 	14
1,3,5,10,14,15 	1
1,2,7,9,10,14,15 	18
1,2,5,6,8 	15
1,3,9,14 	4
1,2,3,4,9,10,14,15 	17
1,2,5,10,13,15 	165
1,2,5,10,13,14 	41138
1,2,3,4,6,8,12,14 	22
1,2,3,5,7,9,10,11,14,15 	2
1,2,3,4,5,6,7,10,12,14,15 	646
1,2,3,5,6,10,11,14 	2
1,2,3,5,6,10,11,15 	1
1,2,5,6,7,8,9,10,11,13,14,15 	1
1,2,3,6,9,10,11,13,14,15 	21
1,2,3,5,6,8,9,10,12,14,15 	1
1,2,3,4,6,11,14,15 	2
1,3,6,11,15 	4
1,2,3,5,6,10,13,14,15 	62
1,3,6,11,14 	1
1,2,5,6,10,13,15 	12
1,2,5,7,14,15 	5
1,2,5,6,10,13,14 	369
1,2,4,6,7,8,10,15 	4
1,2,3,6,8,10,14 	22
1,5,6,8 	27
1,2,3,4,6,7,8,10,12,14 	1
1,2,6,8,10,13,14,15 	1
1,2,4,6,7,8,9,10,11,14,15 	1
1,2,3,6,8,10,13,14 	1
1,2,3,5,7,9,10,12,14,15 	84
1,2,3,4,6,12,14,15 	3
1,2,4,6,10,12,15 	2
1,2,3,6,7,10,14,15 	28
1,2,4,6,10,12,14 	2
1,2,3,4,5,6,7,10,13,14,15 	15
1,5,10,13 	11
1,2,3,5,6,8,9,10,11,14,15 	2
1,2,4,7,10,11,13 	1
1,2,3,4,5,7,10,11,14,15 	37
1,5,10,14 	3547
1,5,10,11 	145
1,2,4,7,10,11,15 	21
1,2,5,7,10,11,12,14,15 	1
1,2,4,6,8,10,14,15 	11
1,2,3,6,7,10,14 	1
1,2,3,4,6,11,13,14,15 	3
1,2,4,6,7,9,10,11 	1
1,2,3,5,6,7,14,15 	1
1,2,3,7,10,14,15 	15068
1,2,3,4,13,14,15 	10
1,6,10,15 	1
1,2,3,4,5,7,10,12,14,15 	12777
1,2,3,4,12,14,15 	106
1,6,10,14 	87
1,6,10,11 	8
1,2,7,12,15 	286
1,2,3,5,6,9,10,14 	3
1,10,14,15 	1
1,2,3,4,5,7,8,9,10,12,13,14,15 	3
1,2,3,4,7,8,10,12,13,14,15 	7
1,2,5,10,12,13,14,15 	326
1,2,5,8,14,15 	7
1,2,3,10,12,13,14,15 	82
1,2,5,7,10,11,13,14,15 	4
1,2,3,4,6,9,12,14 	2
1,2,14,15 	2986
1,2,5,6,9,10,11,14,15 	10
1,2,3,4,11,14,15 	27
1,2,3,4,5,6,7,8,9,10,14,15 	58
1,2,3,4,6,10,14,15 	184
1,2,5,6,9,10,12,14,15 	21
2,3,4,7,12,15 	10604
1,2,3,12,15 	629
1,2,6,10,12,14 	3
1,2,6,10,12,15 	1
1,2,3,12,14 	7
1,2,5,6,7,10,15 	3
1,2,6,8,10,11,14 	6
1,2,6,8,10,11,13 	4
1,2,5,6,7,10,14 	14
2,3,6,10,11,14,15 	1
1,2,3,4,10,12,14,15 	3486
1,2,3,5,9,10,11,14 	1
1,5,8,10 	44
1,5,8,14 	26
1,2,3,5,10,11,13,14 	4
1,2,3,5,10,11,13,15 	18
1,2,3,4,5,6,7,10,11,14,15 	15
1,2,3,4,7,10,13,14,15 	113
1,2,4,8,9,14 	1
1,2,4,8,9,10 	1
6,8,10,11 	1
1,2,3,4,5,7,10,13,14,15 	75
1,2,10,11,12,14,15 	25
1,2,5,6,9,10,13 	5
1,2,3,4,7,10,11,14,15 	326
1,2,5,6,10,11,13,14,15 	91
1,2,5,6,9,10,14 	173
3,9,11 	173
1,2,4,5,6,10,12,15 	1
1,2,5,6,9,10,11 	23
3,9,14 	4
1,2,3,5,10,11,12,13,14,15 	5
1,2,4,5,6,10,12,14 	2
1,2,3,4,10,13,14,15 	106
1,9,10,14 	30
1,2,4,5,7,9,10,13,14,15 	1
1,2,3,4,5,6,11,13,14,15 	1
1,3,6,8,9 	1
1,2,4,6,7,9,10,13,14 	1
1,2,3,4,10,14,15 	17486
1,2,4,7,8,10,12,14,15 	20
1,2,5,6,8,10,11 	1
1,2,3,4,7,8,9,10,12,14,15 	77
1,2,5,8,10,14,15 	766
1,2,3,6,10 	8
1,8,10,14 	157
1,2,4,5,10,11,12,15 	1
1,2,3,6,14 	628
1,2,3,4,7,10,12,14,15 	27098
1,2,4,5,7,9,10,12,14,15 	46
1,2,3,10,12,14 	7
1,2,5,6,8,10,13 	1
1,2,5,6,8,10,14 	68
1,2,5,6,8,10,15 	2
1,9,10,11 	1
1,2,3,10,12,15 	727
1,2,4,12,15 	295
1,2,4,12,14 	5
1,2,3,7,12,15 	402
1,2,4,10,12,13,14,15 	13
1,2,4,6,7,10,11,13,14,15 	1
