1,3,4,6,10 	4
1,4,9 	1
1,3,4,6,8,9 	2
1,4,8 	2
1,2,3,4,9,10 	104
1,2,9,10 	1701
1,2,3,4,5,6,7,8,9,10 	310
7,9 	8
1,3,6,8 	24
1,4,6 	2
1,2,3,4,8,9 	8
1,3,6,9 	14
8,10 	15311
1,2,3,4,5,9,10 	93
1,2,4,5,6,7,10 	157
1,2,3,4,6,7,8,10 	226
1,2,4,5,7,8 	2
1,2,4,6,7,10 	102
1,2,5,6,10 	5141
1,2,4,5,6,7,8,9,10 	63
1,2,3,5,6,9,10 	134
1,2,4,9,10 	105
2,3,4,5,8,10 	1
10 	1304930
1,6,8,9 	16
1,3,4,6,9 	2
1,3,4,6,8 	8
1,2,4,5,9,10 	56
1,2,3,7,8 	1
1,2,3,5,6,8,9,10 	13
1,2,3,6,7,8,9,10 	4
1,2,4,10 	18964
3,10 	9
1 	250267
1,3,6,10 	18
2 	1317890
3 	5824314
1,2,3,4,5,7,8 	9
4 	1683074
1,2,3,5,6,8 	50
5 	11
1,2,3,5,6,7 	1
1,2,3,5,7,10 	5857
6 	809
7 	5836
1,2,3,5,6,9 	7
8 	97421
9 	54024
1,2,4,5,6,8,9,10 	37
1,2,6,8,9 	6
1,5,9 	85
1,5,8 	285
1,3,5,6 	56
6,8 	8
1,5,6 	1268
6,9 	8
1,3,5,6,8,10 	1
1,2,3,5,10 	26443
1,2,3,7,8,9,10 	5
1,6,8,9,10 	1
1,2,6,7,9,10 	25
1,2,8,9,10 	7
2,3,7 	31705
1,2,3,4,5,7,8,9,10 	203
1,2,5,6,9,10 	451
2,3,4 	28911
1,2,3,5,6,10 	1195
1,2,10 	2778666
1,2,4,5,7 	9
1,2,4,5,6 	24
1,6,9,10 	13
1,2,4,5,9 	1
1,3,4,5,6,8,9 	1
1,2,4,5,8 	2
1,3,4,5,6,10 	7
1,3,4,5,6 	22
1,2,7,8,9,10 	1
1,3,4,5,8 	1
1,2,5,6,7,9 	1
1,6,7,9 	1
1,2,3,6,9 	17
9,10 	1063
1,2,4,5,6,8,10 	22
1,2,3,6,8 	86
1,3,5,6,8,9 	3
1,2,3,4,5,6,7,9,10 	323
1,2,3,6,7 	3
1,2,3,4,5,6,8 	105
1,2,4,6,7,8,10 	17
1,2,3,4,5,6,7 	1
1,2,3,4,5,6,8,10 	224
1,2,3,4,5,6,9 	13
1,4,6,9,10 	1
1,3,4,5,6,8,10 	2
1,2,3,6,7,9,10 	25
1,2,3,8,9,10 	6
1,2,3,4,5,8,9,10 	17
5,6 	9046
1,2,3,4,6,7 	23
1,3,4,6 	55
1,6,8 	131
1,3,4,7 	2
1,2,4,5,6,7,8,10 	25
1,2,3,4,5,10 	7584
1,2,3,4,6,9 	23
1,3,4,8 	3
1,2,3,4,6,8 	183
1,2,4,5,8,10 	388
1,3,4,9 	1
1,3,6,8,9,10 	1
1,4,8,10 	1
1,8,10 	250
1,2,3,4,5,6,7,8,10 	463
1,6,9 	266
2,4,7 	23035
1,2,5,6,8,9,10 	62
2,3,5,10 	2
2,8,10 	4
1,2,3,6,7,8,10 	8
1,2,5,7,8,9,10 	3
1,2,4,6,9 	5
1,2,4,6,8 	16
1,2,4,6,7 	4
1,2,4,7,10 	17214
1,3,4,5,10 	2
2,3,10 	6
1,2,4,6,8,9,10 	14
1,2,4,5,6,7,8 	1
1,3,5,6,9 	5
1,3,5,6,8 	13
1,3,4,8,9 	2
1,2,5,8,10 	3339
1,2,8,10 	6656
1,2,3,4,10 	29273
1,2,3,7,8,10 	42
1,2,3,9 	18
1,2,3,8 	140
1,2,3,7 	2374
1,2,3,6 	730
1,2,4,6,8,10 	21
1,2,3,4,6,8,10 	193
1,2,3,5 	261
1,2,3,4 	4556
1,2,4,8,10 	441
1,5,8,9,10 	1
4,9 	3
1,2,6,7,8,9,10 	14
1,2,3,4,7,9 	5
1,2,3,4,7,8 	36
1,2,3,4,6,7,10 	800
1,2,5,6,7,8,9,10 	20
1,2,3,10 	103020
1,2,3,7,9,10 	81
1,2,3,9,10 	305
1,2,3,5,8,9,10 	11
1,2,4,6,7,9,10 	33
1,2,3,5,6,7,8,9,10 	3
1,2,4,5,6,8 	2
1,2,3,6,9,10 	112
1,2,4,5,6,7 	4
1,2,3,4,5,6,7,10 	1170
1,2,3,4,7,8,9 	1
1,2,4,7,8 	7
2,3,5,7,10 	1
1,2,3,4,6,10 	787
1,2,5,8,9,10 	11
1,2,4,5,6,8,9 	3
1,5,6,10 	180
1,2,3,4,6,7,9,10 	203
1,2,3,8,9 	5
1,2,6,7,8,10 	2
1,2,4,8 	30
1,2,4,7 	1922
2,3,6,10 	2
1,2,4,6 	38
1,3,10 	200
1,2,4,5 	31
1,2,3,4,5,8,10 	1690
1,2,5,7,10 	3004
1,2,4,9 	5
3,4 	354640
1,4,5,6,8 	2
2,3,4,5,7,10 	2
1,3,8,10 	4
3,8 	10
3,9 	716
1,5,6,8,9 	2
1,2,5,9,10 	1200
1,4,8,9 	1
1,3,4,5,6,8 	5
1,2,5,6,7 	1
1,8,9 	4
1,2,5,6,9 	10
1,2,3,4,5,7,8,10 	2523
1,2,5,6,8 	76
1,2,5,6,7,10 	52
1,2,4,8,9 	3
1,4,10 	10
1,3,5,6,10 	12
1,2,3,6,8,9 	11
1,2,3,4,6,9,10 	88
1,2,3,6,7,10 	65
1,3,4,9,10 	1
1,3,9,10 	1
1,2,3,5,7,9,10 	137
1,2,7,9,10 	60
1,2,3,4,5,6,7,8 	2
1,2,3,4,5,6,7,9 	1
1,9,10 	45
1,2,3,8,10 	1005
1,2,5,7 	17
1,2,3,4,5,6,10 	780
1,2,5,6 	1692
1,5,6,9,10 	8
1,3,4,5,6,9 	1
2,3,4,7,10 	1
1,2,6,7,10 	27
1,5,6,8 	44
1,2,5,9 	27
2,7,10 	1
1,2,5,8 	289
1,5,6,9 	24
2,3 	587802
2,4 	24883
2,3,4,7 	63706
2,7 	13026
1,2,4,6,10 	310
2,8 	88
2,9 	21
1,2,3,4,7,10 	75025
1,2,3,4,5,8 	26
1,2,3,4,5,7 	52
1,2,3,4,6,8,9,10 	18
1,2,3,4,5,6 	452
1,2,4,5,7,8,9,10 	11
1,4,6,10 	1
1,2,3,4,5,9 	2
1,2,3,4,6,8,9 	12
1,2,7,10 	11442
6,10 	1
1,2,3,4,8,9,10 	9
1,2,5,7,9,10 	62
1,3,8,9,10 	1
1,3,4,5,9,10 	2
1,2,4,6,9,10 	79
1,2,3,5,6,7,10 	80
1,2,3,4,5,7,10 	25485
1,2,3,5,6,7,9,10 	28
6,8,10 	1
1,2,4,5,8,9,10 	1
1,2,3,4,5,6,8,9 	8
1,2,4,5,6,7,9,10 	46
1,2,3,5,9,10 	257
2,5,8,10 	1
1,2,4,5,7,10 	4419
1,2,3,5,7,8,9,10 	4
1,10 	260213
1,2,4,7,8,10 	221
1,2,3,6,8,10 	55
1,2,6,9 	26
1,2,6,8 	172
1,2 	2799838
1,2,6,7 	3
1,3 	377
1,4 	5
1,5 	66911
1,6 	22855
1,3,4,10 	55
1,8 	1862
1,9 	2215
1,2,3,4,7,8,10 	1862
1,2,5,8,9 	1
1,2,3,5,7,8,10 	71
1,2,7,8,10 	36
1,2,9 	102
1,2,3,4,6,7,8 	7
1,2,8 	1440
1,2,7 	1397
1,2,6 	4115
1,2,5 	27072
1,4,6,9 	1
1,2,3,7,10 	22031
1,2,5,10 	336117
1,2,3,5,8,9 	1
1,2,3,4,6,7,9 	9
1,2,5,6,7,9,10 	37
1,2,3,4,5,6,9,10 	88
1,2,6,8,10 	159
1,5,6,8,10 	10
1,2,3,5,8,10 	906
1,4,6,8 	3
1,2,4,6,7,8,9,10 	22
1,2,3,4,5,6,7,8,9 	1
1,3,8,9 	3
1,3,5,10 	16
1,2,3,5,6,8,9 	3
1,2,6,8,9,10 	24
1,2,3,4,8,10 	1789
1,4,5,10 	1
1,2,5,6,8,9 	4
1,5,8,10 	63
1,2,3,5,9 	1
1,2,3,5,6 	392
1,2,3,4,5,7,9,10 	693
1,2,3,5,8 	14
1,2,3,5,7 	14
1,2,5,7,8,10 	24
1,5,10 	7371
1,2,4,5,7,8,10 	185
1,2,7,9 	1
1,2,7,8 	1
1,2,3,4,6,7,8,9 	3
1,2,4,8,9,10 	5
1,3,4,8,10 	2
1,2,4,6,7,9 	1
1,2,3,4,7,8,9,10 	104
1,3,9 	5
1,3,8 	10
1,3,7 	1
1,3,6 	101
1,3,5 	11
1,3,4 	117
1,5,9,10 	16
1,2,4,5,6,9,10 	72
1,2,3,6,8,9,10 	12
2,10 	848
1,2,4,7,9,10 	74
1,2,3,4,5,6,8,9,10 	25
1,2,3,4,5,7,8,9 	1
1,2,4,5,7,9,10 	63
1,6,10 	236
1,4,5,6 	2
1,2,4,5,6,10 	357
1,3,6,8,9 	9
1,2,4,5,10 	5255
1,5,6,8,9,10 	7
1,2,3,4,6,7,8,9,10 	144
1,2,3,4,7,9,10 	468
2,5,10 	11
1,2,3,6,10 	1313
1,4,5,6,10 	1
1,3,5,8,10 	1
1,2,6,10 	7286
1,2,5,6,7,8,10 	1
1,2,3,4,7 	5766
1,2,8,9 	2
1,2,3,4,6 	893
1,2,3,4,9 	13
1,2,3,4,8 	196
1,2,3,4,5 	55
1,2,5,6,8,10 	117
1,6,8,10 	8
1,2,3,5,6,8,10 	97
1,2,6,9,10 	345
1,2,3,5,6,7,8,10 	2
1,2,4 	2496
1,2,4,7,8,9,10 	4
1,2,3 	14463
1,2,4,6,8,9 	1
1,2,6,7,9 	2
