2,5,6,7,8 	46
2,5,6,7,9 	246
7,8 	866
7,9 	3277
1,2,3,4,5,6,7,8,9,10 	38
2,4,10 	1285
4,5,7,8,10 	3
7,8,10 	62
8,10 	2653
1,2,5,6,10 	22
1,2,4,5,6,7,8,9,10 	393
2,3,5,6,8 	3
2,3,5,6,9 	12
2,5,6,7,9,10 	48
1,2,4,5,9,10 	170
2,4,7,10 	791
1,2,3,5,6,8,9,10 	10
2,3,5,6,8,9,10 	6
1,2,4,10 	27
5,7,8,10 	60
1 	4791
1,2,3,4,5,7,9 	2
2 	9445256
2,3,4,10 	1
1,2,3,4,5,7,8 	5
3 	163836
1,2,3,5,6,8 	3
4 	559616
5 	4025541
6 	26653
7 	31314
1,2,3,5,6,9 	4
8 	7531597
4,6,7 	1
9 	1081513
4,6,8 	74
2,5,6,8,9 	285
6,7 	30
6,8 	36
6,9 	49
1,3,5,9 	4
2,3,4,7,9,10 	1
1,3,5,8 	4
2,4,6,10 	4
2,5,6,9,10 	223
2,6,8,9 	4
3,4,5,8,10 	1
1,2,5,6,9,10 	172
1,2,10 	628
1,2,4,5,7 	56
1,2,4,5,6 	32
2,4,5,9,10 	768
2,3,5,7,8,9 	15
1,2,4,5,9 	162
2,3,4,5,6,9,10 	1
1,2,4,5,8 	289
3,8,10 	1
1,2,7,8,9,10 	4
1,2,5,6,7,8 	12
1,2,5,6,7,9 	215
9,10 	25
1,2,4,5,7,8,9 	68
1,2,3,4,5,6,8 	1
1,2,3,4,5,6,8,10 	4
1,2,3,4,5,6,9 	3
1,2,3,5,7,9 	3
1,2,3,5,7,8 	1
4,7,8 	106
2,3,5,8,9,10 	94
4,7,9 	12
5,6 	130
5,7 	7979
5,8 	101039
5,9 	2989932
2,5,6,7,8,9 	86
1,3,4,5 	2
1,2,4,5,8,10 	315
2,6,7,8 	31
2,3,5,6,7,8 	1
2,6,7,9 	9
2,3,5,10 	1606
2,3,4,8,10 	1
1,2,5,7,8,9,10 	248
1,2,4,6,8 	124
1,2,4,6,7 	2
3,5,7,8 	6
2,6,7,8,9,10 	1
1,2,4,5,6,7,9 	57
2,3,10 	151
3,5,8,10 	10
3,5,7,9 	2
7,9,10 	1
1,2,4,5,6,7,8 	503
1,2,5,8,10 	485
2,5,6,8,10 	143
5,6,9 	70
5,6,8 	14
5,6,7 	3
2,6,7,9,10 	55
4,8,9 	2
4,5 	49449
4,6 	25
4,7 	1485
1,4,5,7,9 	1
4,8 	17003
4,9 	10082
4,5,8,9,10 	3
2,5,9,10 	6628
2,3,5,6,8,9 	7
1,2,3,5,8,9,10 	39
1,2,3,5,6,7,8,9,10 	10
5,6,8,9 	4
2,5,8,9 	12109
2,4,7,8,9 	17
1,2,4,7,9 	8
1,2,4,7,8 	10
1,2,4,5,6,8,9 	118
2,4,5,10 	2263
3,5,8,9 	17
5,7,9 	815
2,5,7,8,9 	621
3,4,5,8,9 	1
5,7,8 	565
1,2,5,7,10 	384
3,4 	4591
3,5 	634156
1,4,5,6,9 	2
3,7 	8
3,8 	285
3,9 	422589
4,5,7,10 	6
1,2,5,9,10 	525
2,5,6,7,10 	8
1,8,9 	1
2,6,7 	54
2,4,5,6,8,9 	164
2,4,7,8,9,10 	34
2,6,9 	1448
2,6,8 	340
2,3,4,5,7,9,10 	18
1,2,7,9,10 	57
1,2,3,4,5,6,7,8 	1
3,4,5 	3166
3,4,9 	5335
2,3 	32163
2,4 	1549847
2,5 	1579815
2,6 	8352
2,7 	18944
1,2,4,6,10 	2
2,8 	336060
2,9 	503003
1,2,3,4,5,8 	54
1,2,3,4,5,7 	122
2,3,4,5,7,8,10 	35
5,7,8,9 	42
1,2,4,5,7,8,9,10 	730
3,5,10 	21
1,2,3,4,5,9 	17
1,2,5,7,9,10 	432
4,7,8,10 	1
2,3,4,5,7,8,9,10 	59
2,4,5,6,7,9 	66
4,5,7,8,9 	4
1,2,3,4,5,7,10 	9
2,4,5,6,7,8 	1301
2,6,7,8,10 	3
1,2,3,5,6,7,9,10 	1
2,3,4,5,6,10 	1
2,7,8 	1265
2,7,9 	12678
2,3,5,6,7,8,9 	4
6,8,10 	2
3,5,7 	68
3,5,6 	1
1,2,3,4,5,6,8,9 	10
3,5,9 	20219
1,2,3,5,7,8,9,10 	27
3,5,8 	442
2,4,9,10 	152
1,10 	19
4,7,10 	11
1,2,4,7,8,10 	3
1,2 	3992
1,3 	8
1,2,3,5,6,7,8,9 	3
1,4 	99
1,5 	2122
1,6 	129
1,7 	87
1,8 	91
1,9 	33
1,2,7,8,10 	7
2,4,8,10 	122
2,7,8,9,10 	72
1,3,5,10 	1
2,8,9 	5679
2,4,5,6,7,8,9 	64
2,3,4,5,6,7,8,9 	1
1,2,3,5,9 	42
3,4,5,10 	1
3,6,9 	1
1,2,3,5,6 	4
1,2,3,5,8 	62
1,2,5,7,8,10 	196
1,2,3,5,7 	6
2,4,5,7,8,10 	953
1,5,10 	14
1,2,4,5,7,8,10 	386
3,5,8,9,10 	1
6,7,10 	3
4,5,6,8,9 	2
4,8,10 	14
2,10 	245466
1,2,4,7,9,10 	12
1,2,3,4,5,6,8,9,10 	32
1,2,3,4,5,7,8,9 	8
1,2,4,5,7,9,10 	443
1,2,4,5,10 	151
2,4,5,6,7,9,10 	34
4,5,8,10 	32
2,4,5,7,8,9 	323
3,7,9 	1
1,2,5,6,7,8,9 	72
1,2,3,4,5 	1518
2,5,7,9,10 	1922
1,2,3,5,6,8,10 	1
2,3,4,5,6,7,8,10 	2
4,5,6 	4
1,2,4,7,8,9,10 	2
4,5,8 	1760
4,5,7 	319
4,5,9 	2689
5,8,9,10 	125
2,7,8,9 	124
1,4,8 	2
1,2,9,10 	79
1,4,7 	1
1,4,6 	4
1,5,7,10 	1
1,4,5 	44
2,4,6,7,10 	5
1,2,3,4,5,9,10 	21
4,5,6,9 	1
1,2,4,5,6,7,10 	2
1,2,4,5,7,8 	44
2,4,5,7,9,10 	743
5,7,8,9,10 	4
1,2,3,5,6,9,10 	4
2,6,7,10 	11
2,3,4,5,8,10 	154
1,2,4,9,10 	4
10 	39425
2,3,9,10 	1
2,3,8,9 	1
4,5,10 	65
2,4,6,8 	14507
3,10 	16
2,4,6,9 	2
1,2,4,5,7,9 	93
2,4,6,7 	3232
2,3,4,5,6,7,8,9,10 	16
1,2,3,5,7,10 	2
2,4,5,8,9 	1643
1,2,4,5,6,8,9,10 	238
5,7,10 	210
1,5,9 	470
2,3,5,6,10 	1
1,5,8 	170
1,5,7 	37
1,5,6 	47
2,4,5,6,7,8,10 	163
4,5,9,10 	13
4,5,7,8 	56
4,5,7,9 	30
1,2,3,5,10 	40
1,2,8,9,10 	2
2,3,8 	244
2,3,7 	3
1,2,3,4,5,7,8,9,10 	121
2,3,9 	12221
2,3,4 	171
2,3,4,5,6,8,9,10 	17
2,5,7,8,10 	1710
2,3,6 	1
2,3,5 	258157
2,3,4,5,6,8,9 	10
2,4,6,7,8 	2198
2,4,6,7,9 	1
1,2,4,5,6,8,10 	24
2,4,7,9 	258
1,7,10 	1
2,4,6,8,10 	5
1,2,3,4,5,6,7,9,10 	2
2,7,9,10 	2322
2,4,7,8 	29086
1,2,4,5,8,9 	159
2,3,5,6,8,10 	3
2,9,10 	11349
2,4,5,6,7,10 	4
1,2,3,4,5,8,9,10 	159
2,3,5,8,10 	156
1,6,8 	1
6,7,8 	1
1,2,4,5,6,7,8,10 	161
6,9,10 	1
1,2,3,4,5,10 	26
1,8,10 	4
4,5,8,9 	98
1,2,3,4,5,6,7,8,10 	9
4,10 	104
1,2,5,6,8,9,10 	161
2,4,7 	72652
2,4,6 	8603
2,4,9 	701
2,4,8 	18375
2,6,8,9,10 	3
2,8,10 	4336
2,4,5 	33401
2,3,4,5,8,9 	151
5,6,10 	2
1,2,4,7,10 	40
1,4,5,8,10 	1
2,3,4,5,7,8,9 	13
1,2,8,10 	33
2,4,8,9 	21
1,2,3,8 	1
2,4,7,9,10 	174
1,5,8,9 	26
2,6,8,10 	10
1,2,3,5 	742
1,2,4,8,10 	1
2,3,5,7,9,10 	11
1,2,4,5,6,7,8,9 	80
1,2,5,6,7,8,9,10 	104
2,4,6,9,10 	2
2,5,6,8,9,10 	200
1,7,9 	4
2,7,8,10 	409
1,7,8 	1
2,5,6 	888
1,2,4,5,6,9 	256
2,3,5,6,9,10 	4
1,2,4,5,6,8 	46
2,4,7,8,10 	92
2,5,8 	128848
1,2,4,5,6,7 	2
2,5,7 	5804
2,6,9,10 	500
2,5,9 	274538
2,3,5,7,10 	26
1,2,5,8,9,10 	319
5,10 	6969
1,2,4,8 	94
1,2,4,7 	28
1,2,4,6 	11
4,6,7,8 	9
1,2,4,5 	261
1,5,7,9 	9
1,2,3,4,5,8,10 	92
2,3,4,5,8,9,10 	163
1,5,7,8 	4
1,2,4,9 	2
5,6,8,10 	1
2,3,4,5,7,10 	24
2,4,5,7,8,9,10 	917
2,5,7,10 	3397
1,5,6,8,9 	4
1,2,5,6,7 	58
1,2,5,6,9 	1896
1,2,3,4,5,7,8,10 	33
1,2,5,6,8 	67
1,2,5,6,7,10 	7
2,3,4,5,6,9 	3
2,3,4,5,6,8 	3
2,4,5,8,9,10 	1250
5,6,7,10 	1
2,4,5,7,10 	1146
2,5,7,8 	2158
2,5,7,9 	3169
2,4,5,6,7,8,9,10 	201
2,3,4,5,8 	362
2,3,4,5,9 	716
2,3,4,5,6 	1
2,3,4,5,7 	46
1,2,3,5,7,9,10 	8
2,3,5,7,8,10 	31
1,2,5,7 	268
1,2,5,6 	484
5,8,9 	5514
1,2,3,5,7,8,9 	6
2,3,4,7,10 	1
1,2,6,7,10 	1
3,4,5,7,8 	1
1,2,5,7,8,9 	92
2,7,10 	6839
1,2,5,9 	1818
1,5,6,9 	41
1,2,5,8 	834
2,3,4,5 	11280
2,4,5,6,9,10 	73
2,3,4,7 	1
2,3,4,8 	2
2,3,4,9 	847
1,2,5,7,9 	305
1,5,6,7,9 	2
1,2,7,10 	164
6,10 	46
1,2,5,7,8 	109
2,6,10 	330
2,3,4,5,7,8 	22
2,3,4,5,7,9 	3
2,5,6,7 	55
2,5,6,8 	713
2,5,6,9 	2101
2,3,7,10 	1
1,2,4,5,8,9,10 	397
1,2,3,5,9,10 	18
2,5,8,10 	7978
1,2,4,5,6,7,9,10 	35
1,2,4,5,7,10 	285
8,9,10 	2
7,8,9,10 	1
2,5,6,7,8,9,10 	73
1,2,6,9 	13
1,2,6,8 	13
1,2,6,7 	25
2,3,5,6,7,8,10 	1
2,3,5,6 	6
2,3,5,7 	84
2,3,5,8 	1240
2,4,5,6,10 	29
5,9,10 	770
1,4,5,8,9 	2
2,3,5,9 	4209
1,2,5,8,9 	442
1,2,3,5,7,8,10 	15
2,8,9,10 	175
1,2,9 	137
1,2,8 	101
2,5,6,7,8,10 	32
1,2,7 	170
1,2,6 	403
1,2,5 	2936
1,2,3,5,8,9 	37
1,2,5,10 	843
2,3,4,5,10 	815
1,2,5,6,7,9,10 	53
5,7,9,10 	51
1,2,6,8,10 	2
2,5,8,9,10 	2593
1,2,3,5,8,10 	25
1,2,3,4,5,6,7,8,9 	4
2,4,8,9,10 	11
2,3,4,5,6,7,9 	1
2,3,4,5,6,7,8 	3
2,3,5,8,9 	229
1,2,3,5,6,8,9 	3
2,5,6,10 	82
1,2,5,6,8,9 	228
1,5,8,10 	7
3,4,5,7 	6
7,10 	1177
1,2,3,4,5,7,9,10 	31
2,4,5,6,9 	308
2,4,5,6,7 	16
2,4,5,6,8 	666
1,2,7,9 	48
3,4,5,8 	18
3,4,5,9 	1095
1,2,7,8 	7
1,5,7,8,9 	1
2,3,4,5,9,10 	116
2,4,5,6,8,9,10 	267
2,3,8,10 	32
2,4,5,8,10 	2276
1,2,4,6,7,8 	12
8,9 	1263
1,3,5 	205
1,5,9,10 	3
1,2,4,5,6,9,10 	47
7,8,9 	2
2,5,7,8,9,10 	906
2,3,7,8,10 	1
1,4,5,6 	4
1,4,5,7 	4
1,2,4,5,6,10 	5
1,4,5,8 	4
1,4,5,9 	11
2,4,5,6,8,10 	184
2,3,5,9,10 	119
2,3,5,6,7,8,9,10 	6
2,3,5,7,8 	43
5,8,10 	1145
2,3,5,7,9 	15
2,3,7,8 	2
2,3,7,9 	2
2,5,10 	26100
1,2,5,6,7,8,10 	15
1,2,6,10 	7
2,3,5,7,8,9,10 	28
1,2,8,9 	2
2,4,5,9 	3090
2,4,5,7,8 	900
2,4,5,7 	997
2,4,5,8 	15962
2,4,5,7,9 	417
1,2,5,6,8,10 	17
2,4,5,6 	118
1,2,6,9,10 	1
2,3,4,5,6,8,10 	7
1,2,4 	143
1,2,3 	3
1,2,3,4,5,8,9 	83
1,2,6,7,9 	2
1,2,6,7,8 	1
