2,5,9,13,16 	532
2,6,8,12,13 	44
2,5,9,13,15 	9543
2,5,9,13,14 	319
8,15 	1870
2,5,6,7,8,9,10,12,13,15 	2
8,16 	111
2,4,5,6,7,9,10,13,14,15 	2
2,4,5,6,8,9,10,12,13,15,16 	4
1,2,4,7,10,13,15 	4
8,10 	2203
1,2,4,7,10,13,14 	1
2,7,8,11,13,14 	7
1,2,6,9,13 	11
8,13 	600306
2,5,7,8,10,11,12,13,15 	2
8,14 	14512
8,11 	4737
8,12 	1622
2,5,7,8,9,13,16 	5
2,5,7,8,9,13,14 	4
1,2,4,5,6,7,8,9,10,11,12,13,14 	1
2,5,7,8,9,13,15 	151
2,5,7,10,13,14,16 	1
2,5,7,10,13,14,15 	2
5,7,8,11,13 	4
1,2,4,5,6,7,8,9,10,11,12,13,16 	1
1,2,4,5,6,7,8,9,10,11,12,13,15 	6
1,2,4,5,10,13 	37
1,2,4,5,10,15 	4
1,2,4,5,9,10 	1
1,2,4,5,10,16 	1
1,2,4,5,9,13 	83
1,2,3,5,6,8,9,13 	2
1 	3655
2 	4702149
3 	149389
4 	278520
5 	2006881
6 	19673
7 	18878
8 	6895096
1,2,3,5,9,13,15 	18
9 	1067620
1,2,3,5,9,13,16 	1
1,2,4,5,8,9,12,13,15 	1
2,5,6,8,9 	5
2,4,6,7,8,11,13 	666
2,8,9,10,12,13 	1
2,8,13,16 	32
2,8,13,15 	3340
2,3,4,5,8,13,16 	4
2,3,4,5,8,13,15 	110
1,2,3,4,5,8,9,10,13,15 	17
2,3,4,5,8,12,13,15 	5
2,3,4,5,8,13,14 	5
1,2,4,5,6,7,9,13,15,16 	2
2,4,7,8,12,13 	1411
15,16 	618
1,2,5,6,7,9,11,13,15 	5
2,3,13,16 	57
1,2,7,10,11,13,15 	2
2,3,13,14 	1
2,3,13,15 	11
2,4,5,7,8,9,10,11,13 	56
1,2,4,5,10,13,15,16 	10
2,4,5,6,8,10,12,13 	3
3,5,7,9,15 	1
1,5,7,9,13,15 	2
2,4,5,6,7,8,9,10,12,13 	3
1,3,5,13,15,16 	5
2,4,5,8,9,10,12,13,14,15 	10
1,2,7,9,12,13,15 	1
1,2,4,5,8,11,13,14 	19
1,2,4,5,8,11,13,15 	66
1,2,4,5,6,7,8,10,11,12,13,14,15 	67
1,2,4,5,8,11,13,16 	1
1,2,4,5,6,7,8,10,11,12,13,14,16 	2
2,5,7,8,10,11,13 	75
2,3,5,11,13,15,16 	483
1,2,4,5,9,10,13 	40
2,5,6,9,10,13 	109
2,3,4,8,13 	1
1,2,4,5,9,10,15 	2
2,5,7,8,10,11,15 	1
2,4,5,10,13,14,15,16 	2
1,2,4,5,8,10,11,13,14,15,16 	3
2,4,7,13,15,16 	1
1,2,4,5,7,8,10,11,12,13,15 	3
2,5,8,9,13,15,16 	52
1,2,3,5,8,11,13,14,15 	2
1,2,3,4,5,8,13,14,15 	1
2,3,4,5,8,11,12,13,14,15 	1
3,5,8,15,16 	16
1,2,4,7,8,10,12,13 	1
1,2,3,5,8,9,13 	4
2,4,5,14,15 	4
1,2,4,5,6,7,8,9,10,11,13 	14
2,5,7,8,10,11,13,14 	6
2,5,6,9,10,11,13 	11
2,5,7,8,10,11,13,15 	58
2,5,7,8,10,11,13,16 	3
2,3,4,5,8,10,11,13,15,16 	6
2,3,4,5,7,8,10,11,13,14,15 	2
2,5,8,9 	2123
1,2,3,5,8,9,13,15 	6
2,4,5,6,8,11,12,13,14,16 	1
2,4,5,6,8,11,12,13,14,15 	24
2,3,4,5,6,8,9,11,13 	1
1,2,5,8,10,11,13,14,15 	1
2,5,7,8,9,11,13,14,15,16 	1
1,2,5,7,15 	8
1,2,4,5,8,9,13,14,15,16 	2
2,3,6,13 	1
2,4,5,6,8,10,11,13,15,16 	1
1,2,5,7,16 	3
2,4,8,10,13,14 	6
1,2,5,7,11 	1
2,4,8,10,13,15 	12
1,2,5,7,10 	12
1,2,5,7,13 	135
1,2,5,7,9,13,14,16 	2
1,2,5,7,9,13,14,15 	1
2,4,5,10,13,14,15 	8
1,2,4,5,7,8,9,10,11,13 	42
1,2,4,5,6,8,10,11,12,13,14,15 	1
3,4,13,15 	4
4,5,8,12,13 	5
1,2,3,5,7,8,10,13 	1
3,4,5,11,13 	13
5,8,9,11,15 	1
5,8,9,11,13 	13
2,4,5,6,7,9,10,11,13,16 	1
2,4,5,6,7,9,10,11,13,15 	2
2,5,7,12,13 	10
3,4,5,11,15 	7
1,4,5,7,9,13,15 	1
3,4,5,11,16 	4
5,9,13,14,15 	1
1,2,5,6,7,9,10,13,14,15 	1
1,2,5,6,7,9,10,13,14,16 	1
5,7,11,15 	2
1,2,3,5,8,9,10,11,13,14,15 	1
5,7,11,13 	12
2,3 	27815
2,4 	322846
2,5 	736149
2,6 	1461
1,2,5,6,9,10,11,13,15,16 	1
2,7 	11412
2,8 	176918
2,9 	466312
2,4,5,7,8,12,13,15 	9
1,2,5,15,16 	7
2,3,5,6,9,13,15 	2
1,13,14 	1
1,2,3,4,5,6,7,8,10,11,12,13,14 	1
1,13,15 	15
1,13,16 	1
1,2,4,5,10,11,13,15,16 	3
8,12,13,14 	48
1,5,8,10,13 	5
1,2,5,6,10,13 	13
1,2,5,6,10,15 	1
3,5,11,15 	134
3,5,11,16 	23
2,5,8,10,11,13,14,15 	14
1,2,3,4,5,10,13,15,16 	5
2,5,8,9,11,14,15 	1
1,2,5,8,11,13,14,15 	1
2,3,5,8,10,13,16 	2
2,5,7,9,15,16 	8
4,8,12,13 	7305
1,2,4,5,6,9,10,11,12,13,15 	1
1,2,3,5,6,8,10,13,15 	1
2,5,6,14,15 	1
5,8,9,15 	131
2,4,8,16 	1
2,4,8,15 	49
5,8,9,16 	7
5,8,9,13 	828
2,4,8,14 	35
2,4,8,13 	9960
5,8,9,14 	14
2,4,8,12 	1
2,4,8,11 	5
2,3,5,8,10,13,15 	44
2,4,8,10 	21
2,4,11,12,13 	183
1,2,4,5,7,8,10,11,13,14,15,16 	5
2,3,4,5,8,9,10,13,15 	57
2,3,4,5,8,9,10,13,16 	1
1,2,5,7,9,11,13,15 	3
2,4,5,10,11,13,14 	1
2,4,5,6,8,12,13,15 	52
2,3,4,5,8,10,13,15,16 	8
2,4,5,10,11,13,16 	4
2,4,5,6,8,12,13,14 	59
2,4,5,10,11,13,15 	28
1,2,7,8,13,16 	1
2,4,5,8,9,14,15 	1
2,4,5,9,10,13,15,16 	39
3,5,11,13 	111
1,2,5,7,8,15 	1
1,2,4,6,7,8,11,12,13,14,15 	1
1,2,3,4,5,6,9,13,15,16 	1
1,2,4,5,8,11,13,15,16 	3
1,2,3,5,9 	1
1,4,5,7,13,15 	1
1,2,5,7,8,13 	56
1,2,6,7,13,14 	1
1,2,5,7,8,10 	2
2,4,5,10,11,13,15,16 	5
2,3,4,5,8,13,14,15,16 	1
6,10,13 	23
2,4,5,8,10,15 	8
2,4,5,8,10,11 	2
2,4,5,8,10,14 	1
2,4,5,8,10,13 	710
1,2,5,9,13,14,15 	5
2,5,8,10,13,14 	28
1,2,5,9,13,14,16 	1
2,5,8,10,13,15 	1692
2,5,8,10,13,16 	55
1,2,3,4,5,6,7,8,10,11,13,15 	2
1,2,4,5,7,8,9,10,11,12,13,15,16 	7
1,2,4,5,6,8,11,13,15 	1
1,6,13 	30
1,2,3,4,5,8,11,13,14,15 	2
1,2,5,7,8,9,10,11,12,13,15,16 	1
2,8,13,14,15,16 	1
1,2,4,5,16 	1
1,6,15 	1
1,2,4,5,8,10,12,13,14,15 	3
1,2,4,5,15 	2
1,2,4,5,13 	108
1,2,4,5,10 	4
2,4,6,7,12,13 	118
2,7,9,15,16 	2
4,5,8,14 	11
4,5,8,15 	34
5,9,12,13 	3
1,2,7,10,13,14 	1
4,5,8,12 	1
1,2,7,10,13,15 	17
4,5,8,13 	593
1,2,7,10,13,16 	8
2,4,5,6,7,8,11,12,13,15,16 	4
4,5,8,10 	11
5,9,12,15 	1
1,2,4,5,7,8,9,10,13,15,16 	105
4,5,8,11 	10
2,4,5,6,7,8,9,10,13 	27
3,7,9 	1
1,2,3,4,5,8,11,13,16 	1
1,2,3,4,5,8,11,13,14 	1
1,2,3,4,5,8,11,13,15 	22
4,5,8,16 	6
2,4,8,10,15 	4
1,2,3,4,5,7,8,10,13,15,16 	1
2,4,8,10,13 	74
3,4,5,8,9,13 	1
5,8,9,11 	11
5,8,9,12 	1
2,4,5,7,8,10,12,13 	3
5,8,9,10 	73
1,2,4,5,8,9,11,13,15,16 	7
2,4,6,7,8,11,13,14 	55
2,4,6,7,8,11,13,15 	1
1,2,4,5,6,7,9,10,11,13,15,16 	2
1,2,9,10 	10
1,2,9,15 	2
1,2,3,5,7,9,10,13,15,16 	3
1,2,9,16 	4
1,5,7,15 	1
2,4,6,7,13 	790
1,5,7,13 	21
1,2,9,13 	77
1,5,7,16 	1
2,3,9,15 	4
2,3,9,13 	15
2,5,6,7,8,13,14,15 	1
1,2,5,7,8,9,11,13 	3
2,4,5,8,10,12,13,15,16 	1
2,6,7,8,12,13,14 	2
1,2,5,6,9,11,13,15 	23
2,4,5,8,13,15,16 	22
1,2,5,6,9,11,13,14 	3
2,5,8,9,10,13,15,16 	79
1,2,5,6,9,11,13,16 	4
4,5,9,10,11,13 	1
1,2,4,5,7,9,12,13,15 	2
2,7,9,10,12,13 	8
2,4,5,8,9 	66
1,2,4,5,6,8,9,13 	53
1,2,4,5,6,8,9,10,13,15 	56
1,2,4,5,6,8,9,10,13,16 	7
1,2,4,5,6,8,9,10,13,14 	1
1,2,4,5,9,13,14 	4
1,2,4,5,9,13,15 	43
1,2,3,5,8,10,11,13,15 	6
2,4,5,6,7,8,10,11,13 	4
2,5,6,9,13,15 	355
1,2,4,5,6,8,10,13 	6
1,2,4,5,9,13,16 	5
2,5,6,9,13,16 	66
2,5,6,9,13,14 	25
1,2,5,8,11,13 	122
1,2,5,8,11,15 	1
2,3,4,5,7,8,9,11,13 	1
2,4,5,6,7,8,12,13,14,15 	2
1,2,5,9,10,12,13,15 	2
1,4,5,13,15,16 	1
1,2,3,5,6,7,8,9,10,11,13,15,16 	1
2,3,4,5,10,13,15,16 	29
1,2,5,7,8,9,10,12,13,16 	1
1,2,5,7,8,9,10,12,13,15 	3
5,9,11,13,15 	11
1,2,4,5,10,11,13 	10
5,9,11,13,14 	1
1,2,5,6,8,9,11,13,14 	1
1,2,4,5,6,8,9,13,15,16 	3
1,2,5,6,8,9,11,13,15 	3
4,7,8,11,13 	1
1,10,13 	2
2,5,6,8,9,10,12,13,15 	15
8,11,14 	290
8,11,13 	1675
4,5,13,15,16 	7
8,11,12 	7
1,2,5,7,9,10,13,14,15,16 	3
2,3,4,7,9,10,13 	1
8,11,16 	1
6,13,14 	1
1,2,3,4,5,7,8,9,10,11,13,14,15 	15
2,4,7 	438
2,4,6 	26
2,4,9 	481
2,4,8 	820
2,5,7,10,13,16 	37
2,8,10,11 	6
2,4,5 	5392
1,2,7,9,10,12,13,15 	1
1,2,3,4,5,7,8,9,10,11,13,14,16 	1
2,5,6,7,8,9,13,15,16 	4
2,5,6,7,9,11,13 	11
1,2,3,4,5,8,9,13,15 	15
2,5,7,10,13,15 	754
2,5,7,10,13,14 	10
1,7,13,15 	1
1,2,5,8,9,10,12,13 	2
2,3,5,8,9,10,11,13,15 	7
1,2,4,5,6,7,9,10,13,15,16 	4
2,6,9,10,13 	457
2,4,5,6,7,8,9,12,13,15 	3
2,8,10,16 	5
2,3,4,5,9,11,13 	4
2,3,4,5,9,11,15 	2
2,3,4,5,8,11,13,15,16 	16
2,9,10,13,15 	328
2,8,10,12 	30
2,8,10,13 	1281
2,9,10,13,16 	26
2,8,10,14 	2
2,8,10,15 	34
2,9,10,13,14 	1
2,4,5,6,12,13 	2
1,2,3,8 	1
2,4,7,9,10 	27
2,4,7,9,13 	136
1,2,5,6,13,16 	9
1,2,5,6,13,15 	32
1,2,4,5,11,13,15,16 	3
1,2,3,5 	32
2,3,4,5,8,9,10,11,12,13,15 	2
1,2,5,6,13,14 	9
1,2,10,13,15,16 	3
1,2,3,5,7,8,9,10,11,13,15 	5
1,2,5,6,9,11,13,14,15 	2
1,2,3,5,7,8,9,10,11,13,16 	1
1,2,4,8,13 	16
2,4,5,7,8,9,10,11,12,13,14 	1
2,4,5,7,8,9,10,11,12,13,15 	5
1,2,4,5,8,9,10,12,13 	1
1,2,5,7,8,11,13,15 	8
2,5,7,8,11,13,14,15 	1
1,2,4,5,9,12,13,15 	1
2,3,5,7,16 	13
2,6,9,10 	37
2,3,5,7,15 	5
2,6,9,13 	1180
2,6,9,12 	1
2,3,5,7,13 	16
2,6,9,15 	1
5,12 	61
5,13 	677965
2,3,5,7,10 	1
5,14 	395
5,15 	1122985
5,16 	110667
1,2,4,5,6,8,9,10,13,14,15 	3
5,10 	5431
5,11 	14007
2,5,6,9,10,13,15,16 	17
1,2,4,6,8,11,12,13,14 	31
2,3,4,5,8,9,13 	26
1,2,5,6,7,8,9,13 	34
5,6,8,13 	9
2,4,5,7,8,9,10,12,13,15 	22
2,3,5,10,11,13,15,16 	4
2,4,5,8,9,15 	10
5,9,15,16 	58
2,4,5,8,9,11 	2
2,4,5,6,8,10,13,14,15 	9
2,4,5,7,8,9,10,12,13,16 	1
2,4,5,8,9,14 	1
2,5,14,16 	1
2,4,5,8,9,13 	593
2,5,14,15 	11
1,2,4,5,7,9,10,12,13,15 	16
1,2,3,4,5,6,7,8,9,13,15,16 	1
2,3,4,5,7,8,10,12,13,15 	1
1,2,3,4,5,6,8,9,13,14,15 	1
1,2,4,5,7,8,9,11,13,15,16 	2
1,2,5,8,9,11,13 	32
1,2,5,6,7,9,13,14,16 	1
2,4,5,8,9,10 	14
1,2,5,6,7,9,13,14,15 	1
1,2,4,5,7,8,9,10,11,13,14,15,16 	14
1,2,3,4,5,6,8,9,10,13,15,16 	2
2,5,7,8 	337
1,2,4,5,6,8,9,11,13 	3
1,2,5,8,9,11,15 	1
2,4,5,6,7,8,10,13 	16
2,5,7,9 	880
1,2,3,4,5,8,10,11,13,14,15 	4
1,2,6,13,16 	7
1,2,6,13,15 	2
1,2,6,13,14 	2
2,4,8,13,14 	1910
2,4,8,13,16 	1
2,4,8,13,15 	254
1,2,5,8,11,13,14 	6
1,2,5,8,11,13,15 	56
1,9,13 	4
1,2,8,11,13 	1
1,2,3,4,5,6,7,8,9,10,13,15 	11
1,2,3,4,5,6,7,8,9,10,13,16 	1
2,3,4,5,7,8,9,10,11,12,13,15 	2
2,5,6,7,8,13,15 	8
2,4,5,6,7,9,11,13,14,15 	1
2,5,6,7,8,13,14 	1
2,5,7,8,9,11,13,16 	1
2,7,8,9,14,15 	1
4,10,13,15 	5
1,2,3,4,5,7,8,10,13 	1
2,5,11,12,13 	3
2,7,13,15,16 	5
1,2,4,6,8,11,13,14 	3
2,5,8,9,12,13 	6
1,2,3,5,6,8,13,15 	2
2,5,7,8,9,11,13,15 	14
2,5,7,8,9,11,13,14 	2
2,5,6,8,9,10,12,13 	4
1,2,4,5,6,7,9,13,14,15,16 	1
1,2,5,7,10,13,15,16 	29
1,2,4,5,8,9,15 	1
2,4,5,6,8,11,12,13,15 	18
1,2,4,5,8,9,13 	24
1,2,4,5,7,9,10,11,13,16 	2
1,2,4,5,7,9,10,11,13,15 	28
3,4,5,9,13,15 	3
2,4,5,7,8,13,14,15,16 	1
2,4,5,6,8,11,12,13,14 	104
2,5,6,7,8,9,13,16 	4
1,2,3,4,5,7,8,9,10,13,16 	1
2,5,6,7,8,9,13,15 	23
1,2,3,4,5,7,8,9,10,13,15 	21
2,4,5,8,9,10,12,13,15 	41
1,2,5,9,10,12,13 	3
2,5,6,7,8,9,13 	41
2,5,6,7,8,9,10 	1
4,8,11,12,13,14,16 	1
1,2,7,8,10,13 	3
1,2,4,5,7,8,9,11,13 	5
8,9,14 	3
8,9,13 	46
2,5,7,9,10,11,15 	1
2,5,6,8,10,11,12,13,15 	1
1,2,9 	41
1,2,8 	33
1,2,7 	45
2,5,9,13,14,15 	35
1,2,3,4,5,9,13,14,15 	1
1,2,6 	78
1,2,5 	515
2,5,7,9,10,11,13 	30
2,5,9,13,14,16 	2
1,2,7,11,15 	1
1,2,3,5,13,16 	56
1,2,3,5,13,14 	81
1,2,3,5,13,15 	194
2,3,4,5,6,9,13,15 	1
2,3,4,5,6,9,13,16 	1
2,6,12,13 	40
1,2,5,7,8,10,11,13,14,15,16 	1
1,2,4,5,6,10,13,15 	3
1,2,4,5,7,9,10,11,12,13,15 	3
2,4,7,8,9,10,13,15 	3
2,4,5,7,8,11,12,13,14,15 	15
2,4,5,6,8,9,13 	66
1,2,4,5,8,9,11,13,14,15,16 	1
2,5,8,9,12,13,14,15 	1
2,4,5,7,10,11,13 	43
2,4,5,6,8,9,11,13,15,16 	2
1,2,5,7,9,12,13 	1
2,3,5,6,7,8,9,10,11,13 	1
2,4,5,6,8,9,11,12,13,14,15 	2
2,4,5,6,8,9,10 	1
1,2,4,5,6,9,13,14,15 	3
2,4,5,7,8,10,13,15,16 	35
2,4,5,6,9,10,12,13,15 	12
2,3,4,5,13,14,15,16 	1
1,2,5,6,8,9,11,13,15,16 	2
1,2,4,5,6,13 	24
2,4,5,6,7,9,13,15,16 	6
1,2,5,8,9,13,14,15 	1
3,5,9,13,15,16 	6
1,2,13,14 	5
2,4,5,6,8,15 	1
2,4,7,8,11,12,13,14,16 	1
1,2,13,15 	67
2,4,5,6,8,13 	192
1,2,13,16 	54
2,4,5,6,8,12 	1
2,5,9,13,14,15,16 	8
1,2,3,4,5,6,7,8,11,13,14,15 	1
2,3,4,5,7,8,10,11,13,15 	6
2,4,7,8,10,13,16 	3
2,3,4,5,7,8,10,11,13,16 	1
2,4,7,8,10,13,15 	8
2,4,7,8,10,13,14 	1
2,4,5,7,8,9,10,11,13,14 	9
2,4,5,7,8,9,10,11,13,15 	87
2,4,5,9 	511
2,4,5,7,8,9,10,11,13,16 	8
2,4,5,7 	184
2,4,5,8 	626
2,3,4,5,7,15,16 	2
2,4,5,6 	11
1,2,4 	43
2,3,4,5,6,8,10 	1
1,2,3 	1
2,4,5,10,11,15 	3
2,3,5,9,11,13,15 	10
2,3,5,9,11,13,14 	1
5,15,16 	9179
2,4,5,10,11,13 	67
1,2,5,7,11,13,15 	2
1,2,4,5,6,8,9,10,12,13,14,15 	3
2,4,5,7,12,13 	2
2,4,5,6,8,12,13 	59
1,2,5,8,9,10,13,14,15,16 	2
2,5,7,9,12,15 	2
2,5,7,9,12,13 	26
2,5,11,16 	84
2,3,4,5,9,10,11,13,15 	11
1,2,5,6,8,9,10,13,15,16 	5
2,4,5,7,8,9,10,15 	2
1,2,4,5,8,9,10,15,16 	1
2,4,5,7,8,9,10,13 	230
2,5,8,9,15,16 	5
1,2,4,5,8,10,11,13,14,16 	1
1,2,4,5,8,10,11,13,14,15 	19
1,2,4,5,6,7,9,11,13 	3
10,11,13 	6
2,5,10,11,13,14,15 	2
1,2,4,5,7,8,10,12,13 	2
2,5,9,10,13,15,16 	130
1,2,3,4,5,11,13,16 	3
1,2,7,9,10,11,13,16 	1
1,2,3,5,6,8,9,10,13,15 	3
1,2,3,5,10,11,13,15,16 	2
1,2,3,4,5,6,8,9,12,13,15 	1
5,10,11,13,16 	1
2,3,5,8,10,13 	57
5,10,11,13,15 	1
4,6,8,12,13 	58
1,2,3,4,5,7,9,10,11,13,14,15,16 	1
1,2,5,7,8,13,14,15 	1
1,2,3,4,5,6,8,9,11,13,15,16 	2
2,4,5,11,13,14,15 	2
2,4,6,8,10,13 	3
2,3,4,5,9,10,11,13,15,16 	5
1,2,5,8,9,12,13,15 	1
1,2,5,8,9,12,13,16 	1
1,2,3,4,5,7,8,9,13,15 	3
1,2,3,4,5,11,13,14 	1
1,2,3,4,5,11,13,15 	14
2,3,5,8,9,10,13,14,15 	2
2,3,5,8,9,15 	2
1,2,3,4,5,7,10,13,15 	3
2,3,5,8,9,10 	3
1,2,4,5,7,8,10,11,12,13,15,16 	1
3,5,14,15 	2
2,3,5,8,9,11 	1
1,2,4,6,13,16 	1
2,3,5,8,9,13 	84
4,5,8,9,10,13,15 	1
2,3,4,5,7,9,10,11,13,14,15 	1
2,5,8,10,15 	135
2,5,8,10,16 	5
2,5,8,10,11 	23
2,5,8,10,12 	2
2,5,8,10,13 	4119
2,5,8,10,14 	1
2,4,9,11,13 	1
1,2,5,7,8,9,13 	35
1,2,4,5,6,7,8,9,10,13 	47
1,2,4,5,7,9,13,16 	5
1,2,4,5,7,9,13,15 	39
1,2,5,7,8,9,15 	1
1,2,4,5,7,9,13,14 	1
1,2,5,10,16 	4
1,2,5,10,15 	15
1,2,5,10,13 	329
8,13,14,15 	1
2,3,8,11,13 	3
2,3,4,5,6,8,9,10,11,13,15,16 	1
2,4,5,6,7,8,10,13,15,16 	3
2,3,15 	20
3,5,8,11 	9
2,4,5,6,7,9,10,13,15 	14
3,5,8,14 	1
2,3,13 	3417
3,5,8,13 	127
1,2,5,7,8,10,13,16 	8
2,3,10 	146
4,5,7,9,15 	1
1,2,5,7,8,10,13,15 	66
2,3,11 	8
3,5,8,10 	3
2,4,5,9,11,13 	30
4,5,7,9,13 	8
3,5,8,16 	19
3,5,8,15 	39
2,3,16 	819
2,4,5,6,7,9,10,13 	5
2,5,6,10,13,14 	1
1,2,4,5,9,11,13,15 	4
2,5,6,10,13,16 	1
2,5,6,10,13,15 	29
1,2,3,4,5,8,10,13,14,15 	3
2,4,5,8,9,11,13 	82
1,2,5,6,7,8,9,10,11,13,14,15,16 	1
2,4,5,7,9,10,13,15,16 	51
2,4,5,6,8,10,12,13,15 	57
2,3,5,12,13 	1
2,4,5,6,7,8,9,11,13,15 	4
1,2,5,7,13,14 	2
5,12,15 	3
1,2,5,7,13,15 	62
2,3,4,5,7,8,10,11,13 	4
1,2,5,7,13,16 	8
1,2,5,6,9,10,11,13,16 	1
1,2,5,6,9,10,11,13,15 	7
2,5,6,9,13,15,16 	45
5,12,14 	1
5,12,13 	21
2,3,5,8,9,10,12,13 	1
2,5,11,14 	7
2,5,11,15 	250
1,2,6,8,12,13,14 	4
2,5,11,13 	6307
2,3,5,7,8,11,13,15 	4
1,2,4,5,6,8,9,10,13,14,15,16 	1
4,7,9,13 	3
4,5,8,9,13,15 	8
2,5,6,7,15 	1
3,4 	4383
3,5 	448638
3,7 	8
4,9,13,15 	6
3,8 	266
3,9 	422078
2,4,7,10,11,13 	7
2,7,10,13,14 	4
4,5,10,15 	7
4,5,10,13 	17
2,5,6,8,12,13 	34
2,3,5,8,9,10,11,13,15,16 	1
2,9,11,13,15 	2
1,2,3,4,5,6,8,9,10,12,13,15,16 	1
2,5,6,7,13 	46
1,2,5,6,8,9,10,11,12,13,15 	1
2,3,4,5,8,9,10,11,13,15 	49
1,2,4,7,8,11,13,14 	1
2,5,6,7,8,11,13,14 	1
2,5,7,8,9,10,13,15,16 	42
2,5,9,10,11,13,14,15 	2
2,6,7 	2
5,13,14,15 	1
2,9,11,13,16 	3
2,3,5,8,11,13,15 	43
2,6,9 	262
2,3,5,8,11,13,16 	6
2,6,8 	26
2,4,5,7,9,12,13 	3
2,7,10,13,16 	35
2,7,10,13,15 	172
2,13,16 	3593
2,13,15 	58990
2,13,14 	16615
1,5,8,11,13,15 	2
1,2,4,5,8,9,10,11,12,13,14,15 	1
1,2,4,5,7,9,13,14,15 	2
1,2,5,7,9,10,12,13 	2
1,2,3,5,8,10,13,14,15 	1
1,2,4,7,9,10,12,13 	1
1,2,4,5,6,7,8,9,10,12,13,14,15,16 	2
2,13,15,16 	196
2,5,7,8,15,16 	1
2,5,7,8,9,10,11 	2
1,2,4,5,7,8,10,11,13,14,15 	16
2,5,7,8,9,10,14 	1
2,5,7,8,9,10,13 	342
1,2,3,5,8,12,13 	1
2,5,7,8,9,10,15 	23
2,4,5,6,7,8,11,13,14,15 	3
1,5,10,11,13 	1
4,5,10,11 	1
5,7,8,9 	26
2,4,6,9,10,13 	1
2,7,9,10,11,12,13 	1
2,4,12,13,15 	16
2,4,12,13,14 	1068
2,4,5,7,8,10,11,13,15,16 	9
2,3,4,5,6,13 	1
1,2,3,4,5,8,9,10,12,13,15,16 	1
2,5,6,7,8,12,13,15 	4
2,5,10,13,15,16 	170
1,2,3,4,5,10,13,15 	3
1,2,3,4,5,10,13,16 	1
2,5,6,7,8,9,10,13,15 	30
2,5,9,10,12 	1
2,5,9,10,13 	2796
6,8,10 	1
1,2,3,4,5,6,7,8,10,13,15 	3
2,5,9,10,11 	8
2,3,5,8,11,13,14 	3
1,2,3,4,5,8,9,10,11,13,14,15,16 	11
2,5,9,10,16 	11
1,2,4,5,7,8,10,11,13,14 	9
1,2,4,5,7,8,10,11,13,15 	66
2,5,9,10,14 	1
1,2,4,5,7,8,10,11,13,16 	6
2,5,9,10,15 	266
1,2,3,4,5,6,8,11,13 	1
6,8,13 	7
2,3,5,8,10,11,13,15 	18
2,3,5,8,10,11,13,14 	1
2,3,5,8,10,11,13,16 	1
2,3,5,9,10,11,13,15 	4
2,4,8,9,10,11,13,15 	1
1,2,4,5,6,7,9,10,11,13 	1
2,4,5,10,12,13,15 	3
4,5,6,9,13 	1
2,3,5,7,10,13 	11
2,8,10,13,15,16 	2
2,9,10,13,15,16 	5
4,5,7,8,10,13 	3
2,3,4,5,7,9,10,13 	4
1,2,4,5,7,8,9,13 	12
2,5,7,9,11,12,13,16 	1
2,3,5,7,13,15,16 	10
1,2,3,4,5,9,10,13,14,15 	1
1,2,5,7,12,13,15,16 	1
2,3,4,5,8,13,14,15 	2
2,4,7,10,13 	463
1,2,3,5,13,15,16 	100
2,4,7,10,16 	1
2,4,7,10,15 	8
2,4,9,10,13,14 	1
2,4,9,10,13,15 	11
2,4,9,10,13,16 	1
2,4,5,7,8,11,12,13 	1
2,4,7,10,12 	1
4,13,15,16 	1
2,3,4,5,7,8,9,10,13,14,15 	1
2,4,5,7,8,11,13 	29
4,9,15 	31
4,9,13 	120
1,2,4,5,7,10,13,14 	1
1,2,4,5,7,10,13,15 	107
1,2,4,5,7,10,13,16 	7
2,5,6,8,11,12,13 	1
1,2,4,5,8,9,13,14,15 	4
5,8,12,13 	8
2,4,5,7,13,15,16 	6
1,2,5,7,8,10,11,13,14 	3
1,2,5,7,8,10,11,13,15 	18
1,2,5,7,8,10,11,13,16 	1
2,5,7,13,15,16 	28
2,16 	8308
2,15 	734501
2,14 	5409
2,13 	3908058
2,12 	987
5,6,13,16 	1
2,11 	1666
1,2,4,5,7,10,11,12,13 	1
2,10 	217238
5,6,13,15 	2
3,5,13,15,16 	717
2,5,6,9,11,13,14,16 	1
1,2,4,5,7,11,13,15 	2
1,2,5,6,7,8,10,13,15 	6
2,5,6,9,11,13,14,15 	2
4,5,9,13,15 	162
1,2,4,5,6,7,8,11,12,13,14,15 	210
2,6,9,13,15 	3
2,6,9,13,16 	1
1,2,5,7,10,13,14 	3
1,2,5,7,10,13,15 	146
4,5,9,13,14 	2
1,2,5,7,10,13,16 	19
1,2,5,6,13,15,16 	1
2,4,5,11,16 	7
2,4,5,11,13 	1129
2,4,7,9,13,16 	2
2,4,7,9,13,15 	13
4,5,7,8,9,13 	1
2,4,5,11,15 	28
2,4,5,11,14 	1
2,5,7,9,14 	4
2,5,7,9,15 	192
1,4,5,6,13,15 	1
2,5,7,9,16 	8
1,2,3,4,5 	2
1,2,4,5,6,8,9,10,11,13,15,16 	6
2,5,7,9,10 	276
1,2,3,5,8,9,10,13 	2
2,5,7,9,11 	5
2,5,8,9,10,13,16 	38
2,5,8,9,10,13,15 	819
2,5,7,9,12 	3
2,5,7,9,13 	1297
2,5,8,9,10,13,14 	11
1,2,3,4,5,7,9,10,11,13,15 	1
1,2,5,7,8,11,13 	7
2,3,4,11,13 	1
1,2,3,4,5,8,11,13 	11
1,2,3,4,5,6,8,9,11,13,15 	2
1,2,5,6,9,12,13 	1
1,2,5,6,7,8,9,13,14,15,16 	1
2,5,7,9,13,15,16 	49
2,5,6,8,10,12,13,14,15 	1
2,5,9,12,13,15,16 	2
4,5,7,8,13,15 	3
2,7,15,16 	3
4,5,13,14 	156
4,5,13,15 	1872
10 	35804
11 	6632
12 	29250
13 	3871165
14 	17405
15 	300341
1,2,5,8,10,12,13 	1
16 	102268
2,4,5,8,9,11,12,13,15 	3
1,2,4,5,8,9,10,12,13,15,16 	4
2,3,5,15,16 	3811
2,7,9,11,13,15,16 	1
3,5,7,15,16 	11
2,4,6,8 	3
2,4,6,9 	1
3,5,8,13,15,16 	2
1,2,3,5,8,9,10,11,12,13,15 	1
2,4,5,6,7,8,13,14 	1
2,3,4,5,8,9,10,13,14,15 	3
2,4,5,6,7,8,13,15 	15
2,5,6,7,10,12,13,14,15 	1
2,4,5,8,11,12,13,14,15 	20
1,2,6,10,13 	6
1,2,3,5,9,10,11,13,15 	1
2,3,4,5,8,9,11,13,14 	1
2,3,4,5,8,9,11,13,15 	43
2,3,4,5,8,9,11,13,16 	1
1,2,7,9,10,12,13 	1
2,3,5,7,10,13,15,16 	1
2,5,6,7,9,11,13,14,15 	1
2,3,4,5,7,9,13,15 	2
1,2,5,10,11,13 	35
2,4,5,7,8,9,10,13,14,15 	15
1,2,5,10,11,15 	1
2,5,8,9,10,12,13,15,16 	1
2,7,9,13,14,15 	1
4,5,13,16 	34
1,2,4,5,6,9,11,13,15 	4
2,5,8,13,15 	15599
1,2,4,5,13,15,16 	6
2,5,8,13,14 	1829
2,5,8,13,16 	150
2,5,11,15,16 	16
2,7,8,9,11,13 	1
1,2,4,5,6,9,11,13,16 	1
1,2,5,7,8,10,11,13,15,16 	2
1,2,5,6,7,9,10,11,13,16 	1
2,4,5,7,9,15,16 	3
1,2,5,6,7,9,10,11,13,15 	3
2,4,5,8,11,12,13,14,16 	1
2,4,5,7,8,9,10,11,13,14,15 	12
5,6,15 	1
2,4,11,13 	3340
2,4,7,9,10,13 	119
2,4,11,14 	6
4,5,8,12,13,15 	1
2,4,7,9,10,15 	1
2,4,11,16 	2
2,4,5,8,10,11,13 	140
1,2,5,6,8,9,11 	1
1,2,5,6,8,9,13 	125
2,3,4,5,6,7,8,9,10,13 	1
1,2,4,5,9,13,14,15 	3
1,2,4,5,8,9,10,13,15,16 	37
5,6,13 	43
2,6,8,9,13 	2
2,5,8,10,11,12,13 	2
2,5,8,10,11,12,15 	1
2,4,5,10,14,15 	2
2,10,11,15 	3
2,10,11,13 	104
2,3,5,6,9,10,13 	2
1,4,5,8,10 	1
2,5,10,11,13 	284
2,5,10,11,12 	1
2,5,10,11,15 	3
2,4,5,7,8,10,12,13,14,15 	2
5,8,10,11,13,15 	4
6,10,13,15 	2
1,2,4,7,11,13,14 	1
2,4,5,8,10,11,16 	1
5,8,10,11,13,16 	1
1,5,8,9 	9
4,12,14 	3
4,12,13 	2420
1,2,4,5,6,7,8,10,12,13,15,16 	1
4,12,16 	1
1,2,4,6,8,13 	13
4,5,9,10,13 	3
2,3,4,5,7,9,10,13,15 	9
1,2,3,5,8,9,13,14,15 	3
2,5,7,8,12,13 	3
2,7,8,13 	682
2,7,8,15 	8
2,7,8,14 	2
2,5,6,8,9,10,13,14,15 	1
2,5,6,8,9,10 	3
2,7,8,10 	161
2,5,6,8,9,13 	154
2,5,6 	110
1,2,4,5,6,9 	3
2,5,8 	16951
2,3,4,7,10,13 	1
2,5,6,8,9,15 	2
2,4,8,12,13,14,15 	16
2,5,7 	2468
2,4,8,12,13,14,16 	12
5,8,11,13,14 	5
1,4,5,8,13 	2
5,8,11,13,15 	81
5,8,11,13,16 	1
2,5,9 	194405
2,5,8,13,14,16 	4
2,5,8,13,14,15 	203
1,2,7,9,11,13 	2
4,5,8,9,11,13,15 	3
5,8,10,13,15 	34
2,4,5,7,9,10,11,13 	27
5,8,10,13,16 	1
2,4,5,6,8,11,12,13 	9
1,2,3,5,10,13 	10
2,5,8,9,10,11,12,13,15 	1
2,4,5,6,8,10,11,13,15 	10
2,8,10,11,13 	14
3,5,9,15,16 	27
2,4,5,6,7,9,10,11,13,15,16 	1
2,8,13,15,16 	3
1,2,3,5,7,8,10,11,13,14,15 	1
2,3,5,7,10,11,13 	1
1,2,4,5,7,8,10,13 	67
2,5,8,9,10,11,12,13,15,16 	1
1,2,5,6,8,11,13,14 	1
1,2,4,5,6,9,11,13 	11
2,4,5,8,9,11,12,13 	2
1,2,5,7,8,9,10,13,14 	1
2,4,5,7,10 	86
1,2,5,7,8,9,10,13,15 	85
1,2,3,4,5,6,8,9,10,11,12,13,15 	1
1,2,5,7,8,9,10,13,16 	11
2,4,5,7,12 	1
1,2,5,6,8,11,13,15 	2
2,4,5,9,10,13,15 	304
2,3,4,5,9 	466
2,4,5,9,10,13,14 	2
2,3,5,7,8,13 	20
2,4,5,9,10,13,16 	12
2,3,4,5,7 	1
2,5,13,15,16 	2677
1,2,4,5,9,10,11,13,15 	10
2,3,5,8,13,14 	10
2,5,6,7,8,9,10,11,13,15,16 	2
2,3,5,7,8,16 	1
2,6,7,9,10,13 	44
2,4,5,6,8,9,10,13,16 	2
2,3,5,8,13,16 	24
2,3,5,8,13,15 	284
1,2,3,4,5,6,7,8,9,10,11,12,13,14,15,16 	1
2,3,4,5 	615
2,4,5,6,8,9,10,13,14 	4
2,4,5,6,8,9,10,13,15 	66
2,3,4,7 	1
2,3,4,9 	833
2,7,9,12,13 	21
1,2,4,5,13,16 	3
1,2,5,8,9,11,13,15 	34
1,2,4,5,13,15 	49
1,2,4,5,13,14 	53
2,6,16 	3
2,6,15 	6
12,13 	2281
2,4,5,6,8,9,12,13 	4
2,7,8,12,13 	28
2,6,13 	6710
12,15 	82
1,2,5,13,15,16 	31
2,6,12 	4
2,3,4,5,8,12,13,15,16 	1
12,14 	63
2,10,12,13,15 	2
2,4,5,8,9,10,11,13,14,15 	25
1,2,3,4,5,8,9,13,14,15,16 	1
2,4,5,6,8,9,12,15 	1
1,2,3,5,7,8,9,10,11,13 	3
2,5,7,8,10,11,13,14,15 	5
2,10,12,13,14 	1
2,4,7,8,9,11,13 	1
2,5,11,13,14,15 	6
2,5,6,7,9,10,13,15,16 	4
2,5,7,10,12,13,15 	4
1,2,4,5,6,7,9,11,13,15,16 	2
1,2,3,4,5,7,8,9,13,14,15 	1
2,4,5,6,8,9,10,13,14,15,16 	1
2,6,10 	62
12,16 	1
1,2,4,5,6,8,9,11,13,14,15 	2
5,8,9,10,11,15 	1
2,4,5,6,9,13,14,15 	2
2,5,9,10,13,16 	105
1,2,5,8,10,11,13,15 	51
1,2,5,6,7,8,9,10,13,15,16 	8
2,5,9,10,13,14 	9
1,2,5,8,10,11,13,14 	3
2,5,9,10,13,15 	1743
2,4,5,6,12,13,15 	6
2,4,5,8,9,10,12,15 	1
2,4,5,8,9,10,12,13 	3
1,2,5,8,10,11,13,16 	2
2,5,7,10,11,13,16 	1
2,5,7,10,11,13,15 	20
1,2,3,5,6,7,9,10,13,15 	1
1,2,5,8,9 	19
1,2,8,9,10,13 	2
1,2,5,7,9,10,11,13,15,16 	6
2,3,5,7,13,15 	8
2,4,5,9,11,13,15,16 	1
2,5,9,11,13,14 	5
2,5,9,11,13,15 	68
2,5,9,11,13,16 	15
2,3,5,7,13,16 	6
2,6,11,12,13,14 	1
1,2,3,5,8,13 	18
2,8,9,11,13 	1
2,4,5,6,7,9,13,16 	2
2,4,5,6,7,9,13,15 	14
2,4,5,6,7,9,13,14 	2
1,2,3,5,6,9,10,13,15 	1
1,4,5,13 	17
1,2,5,7,8,9,10,11,13,14,15,16 	1
1,4,5,15 	1
1,2,3,4,5,7,8,10,13,15 	8
2,4,6,8,12,13,14,15 	12
2,4,6,8,12,13,14,16 	2
2,4,5,7,11,12,13 	1
1,2,4,5,6,7,8,9,10,13,15,16 	54
2,9,11,13 	34
1,2,4,5,7,9,10,14 	1
2,9,11,12 	1
1,2,4,5,7,9,10,13 	73
1,2,5,6,8,10,13,15 	3
1,5,7,8,9 	1
1,2,3,4,5,8,10,11,12,13,15 	1
4,6,8,13 	2
2,3,5,9,13,14 	1
2,3,5,9,13,15 	674
2,3,5,9,13,16 	36
2,7,8,10,12,13 	1
1,3,5 	59
2,5,6,8,9,12,13,15 	2
2,4,5,8,12,13,15,16 	2
2,5,7,8,9,13,14,15 	2
2,4,5,7,13 	531
1,2,3,4,5,7,8,10,11,13,14,15,16 	3
2,4,5,7,16 	4
2,4,5,7,15 	15
2,4,5,7,15,16 	1
1,2,4,5,8,10,13,14,15,16 	1
1,2,6,10 	1
2,4,5,6,8,9,11,13,15 	12
2,4,5,6,8,9,11,13,16 	1
1,2,6,15 	2
1,2,6,14 	1
1,2,6,13 	309
1,2,5,7,8,9,11,13,15 	8
2,4,5,7,8 	58
1,2,5,7,8,9,11,13,16 	1
2,4,5,7,9 	32
1,2,6,16 	2
1,2,4,5,6,8,10,12,13,14,15 	1
1,2,5,8,9,10,13,14,15 	5
2,3,5,12,13,15 	2
2,3,5,12,13,14 	1
2,4,5,9,10,13 	284
2,10,13 	25259
2,10,12 	33
2,10,15 	762
4,5,7,8,16 	1
2,3,5,8,9,10,11,13 	4
3,5,7,13 	3
2,10,14 	15
2,3,4,5,7,8,9,10,13,15,16 	7
2,4,5,9,10,16 	1
4,5,7,8,13 	18
2,4,5,8,9,10,11,12,13,15 	3
2,10,11 	123
2,4,5,9,10,15 	11
1,2,5,7,8,10,12,13 	1
2,10,16 	133
3,5,7,15 	10
3,5,7,16 	16
3,5,11,13,15,16 	5
2,4,5,6,9,11,13,15 	8
2,3,5,8,9,10,13,15,16 	4
2,4,5,6,8,9,11,12,13,15,16 	1
2,5,12,13,14 	4
2,5,12,13,16 	2
2,5,12,13,15 	34
1,2,7,10,16 	1
1,2,3,4,5,6,7,8,10,13 	1
2,3,4,16 	1
1,2,4,5,7,8,10,12,13,14,15 	1
2,3,5,9,12,13,15 	1
1,2,7,10,15 	1
1,2,7,10,13 	96
2,3,5,7,11,13,15 	1
2,4,8,10,11,13 	1
2,3,4,13 	24
4,8,10,13 	3
2,3,4,15 	4
1,2,3,4,5,6,7,8,9,10,11,13,14,15 	3
4,13,14,15 	1
2,5,6,7,9,10,11,13,16 	1
1,2,5,6,13,14,16 	1
2,5,6,7,9,10,11,13,15 	2
4,5,8,10,13 	16
1,2,5,6,8,9,10,11,13,14,15 	1
2,4,6,15 	3
2,5,6,7,11,13 	1
2,4,6,13 	6369
7,8,10,13 	5
2,4,6,14 	12
2,4,5,8,11,12,13 	11
4,5,8,10,11 	1
2,4,6,12 	1
2,5,7,9,10,12,13,15,16 	4
2,4,6,10 	1
2,4,5,7,8,9,10,11,12,13 	1
1,2,7,8,11,12,13 	1
1,2,4,5,7 	1
1,2,4,5,6 	2
2,3,4,5,8,9,11,12,13,15 	1
5,9,10,13,16 	1
2,5,6,8,9,10,11,13,14 	2
5,9,10,13,15 	35
2,5,6,8,9,10,11,13,15 	8
1,2,4,5,6,8,9,13,16 	2
1,2,4,5,6,8,9,13,15 	37
1,2,4,5,9 	9
1,2,3,4,5,7,8,9,10,11,12,13,15 	1
1,2,4,5,8 	4
1,2,4,5,6,8,9,13,14 	2
3,8,11 	1
3,8,10 	1
1,2,4,5,6,8,9,10,12,13,15,16 	12
3,8,13 	12
3,5,11,15,16 	19
2,4,5,6,8,11,13 	12
1,2,3,4,5,6,8,9,10,11,13,15,16 	4
1,2,4,5,7,9,12,13 	1
3,8,15 	1
2,5,6,7,8,11,13 	1
3,8,16 	4
8,11,12,13,14 	1
1,2,3,4,5,6,8,9,11,13,14,15 	1
1,2,5,13,14 	28
1,2,5,13,15 	379
1,2,5,13,16 	103
2,5,11,12,13,15 	1
2,5,6,8,9,13,14,15 	2
2,11,12,13,14 	2
1,2,3,5,10,13,15 	17
1,2,3,5,10,13,16 	3
4,5,6,13 	1
2,4,5,7,13,14 	104
2,5,6,8,15 	6
2,5,6,8,13 	442
7,9,13 	72
2,5,6,8,12 	1
7,9,16 	1
2,3,5,11,13 	1494
2,5,6,8,10 	13
7,9,15 	23
2,3,5,11,16 	46
2,3,5,11,15 	235
1,2,3,5,7,9,10,13 	2
2,5,6,8,12,13,15 	26
2,5,9,10,11,15,16 	1
2,6,7,9,13 	4
2,4,5,7,13,15 	111
2,4,5,7,13,16 	7
2,4,5,6,10,13,15,16 	1
2,4,5,7,8,10,11,12,13,15,16 	1
2,6,7,9,10 	1
4,5 	34612
4,6 	11
4,7 	1276
1,2,4,5,7,13,15,16 	2
4,8 	3194
4,9 	9925
1,2,5,6,7,8,9,10,13,14,15 	5
5,7,8,11,13,15 	1
2,5,7,11,13,14 	2
2,4,10,15,16 	1
1,2,3,5,8,10,11,13 	3
2,5,7,11,13,15 	6
1,2,4,5,8,11,12,13,14,15 	1
5,7,9,15,16 	1
2,3,4,5,8,11,13,14,15,16 	1
1,2,3,13 	2
2,3,5,13,15,16 	6244
1,2,5,8,9,11,12,13,15 	1
5,8,15,16 	20
1,2,4,5,8,10,11,13,15,16 	10
3,5,13,16 	927
3,5,13,15 	13515
10,12,13 	1
1,2,4,5,7,8,10,13,16 	15
1,2,4,5,7,8,10,13,15 	91
1,2,4,5,7,8,10,13,14 	3
3,5,8,9 	8
2,5,7,8,9,10,11,13,15,16 	9
1,2,4,8,11,13 	2
1,2,4,5,9,10,13,14,15 	2
2,4,5,8,9,10,13,14,15 	19
2,6,10,13,15 	2
2,3,5,8,11,13 	109
2,3,5,8,11,16 	2
2,3,5,8,9,10,12,13,15 	1
2,4,5,6,8,9,10,11,13 	7
2,4,6,7,8,12,13,14 	52
2,7,11,12,13 	5
2,5,8,9,10,11,13,15,16 	11
2,4,6,7,8,12,13,15 	1
1,2,3,4,5,7,9,10,12,13,15 	1
2,3,4,5,8,11,13 	40
1,2,4,5,6,7,8,10,11,13,14,15,16 	1
2,3,4,5,9,10,13 	32
1,2,7,9,16 	1
2,4,6,7,11,12,13 	75
1,2,7,9,13,15 	3
1,2,7,9,13 	18
1,2,7,9,12 	1
2,4,5,7,8,10,11,13,14,16 	2
2,4,5,7,8,10,11,13,14,15 	13
1,2,7,9,13,16 	8
1,2,7,9,10 	4
2,5,10,12,13,14,15 	1
1,2,4,5,7,10,11,13,15 	21
1,2,4,5,7,10,11,13,16 	2
2,3,8,10,16 	1
1,2,4,5,6,7,8,9,11,12,13,14,15,16 	1
2,3,8,10,13 	3
1,2,10,13,15 	50
1,2,10,13,16 	22
1,2,10,13,14 	1
2,3,8,10,12 	1
1,2,3,4,5,7,8,9,10,11,13,14 	1
1,2,3,4,5,7,8,9,10,11,13,15 	30
1,2,3,4,5,7,8,9,10,11,13,16 	1
1,2,3,5,6,7,8,9,10,13,15 	1
1,2,4,6,7,8,11,13,14 	2
2,3,4,5,7,8,13 	11
1,2,3,4,5,7,9,13,15 	1
1,2,4,5,6,8,11,12,13,15,16 	5
2,5,7,8,9,11,13 	27
2,3,4,5,7,8,10,13 	7
2,5,7,8,9,11,15 	1
1,4,5,11,13,15 	1
2,7,8,10,13,14,15 	1
1,2,3,4,5,7,8,9,10,13 	2
1,2,4,5,6,8,9,10,11,13,14,15 	7
2,7,8 	402
4,5,11,13 	212
2,7,9 	9394
1,2,4,5,7,8,9,10,12,13,15,16 	5
2,3,5,8,9,11,13,15 	16
2,3,5,8,9,11,13,16 	1
1,2,5,9,11,13,14,15 	1
2,3,4,5,12,13,14 	2
1,2,3,5,6,8,9,13,15 	1
2,4,5,6,8,12,13,14,15 	4
2,5,8,10,11,13,15 	211
2,5,8,10,11,13,16 	9
1,2,3,4,5,10,11,13,15 	6
2,5,8,10,11,13,14 	20
1,2,4,5,8,9,11,13,15 	40
1,2,4,5,8,9,11,13,14 	3
1,2,4,5,8,9,11,13,16 	1
2,3,4,5,8,9,10,11,12,13,14,15 	1
1,3,5,16 	16
2,5,10,13,14,16 	1
2,3,8,9,13,16 	1
2,3,5,8,10,11,12,13,15 	1
2,4,5,12,13 	37
2,4,5,8,9,11,12,13,14,15 	5
2,4,6,11,13 	187
2,3,4,5,6,7,8,9,10,12,13,15 	2
1,3,5,15 	53
1,2,3,4,5,8,9,10,11,13 	2
1,2,3,5,8,9,11,13 	4
1,3,5,13 	20
1,3,5,9,11,13 	1
2,4,5,6,9,10,13 	20
4,5,11,16 	7
3,4,5,15 	254
4,5,11,15 	17
3,4,5,16 	34
4,5,11,14 	2
2,4,5,6,9,10,15 	1
2,5,6,8,13,15 	132
3,4,5,13 	706
2,5,6,8,13,14 	3
2,4,5,8,9,10,11,13,14,15,16 	1
1,2,5,6,9,13,15,16 	46
3,4,5,11 	32
1,2,5,7,10,15 	2
2,5,7,8,9,10,13,14,15 	4
4,5,10,13,15 	7
2,3,5,7,9,10,13,15,16 	2
1,2,4,5,6,7,8,9,13,16 	2
1,2,5,7,10,13 	140
1,2,4,5,6,7,8,9,13,15 	27
2,5,7,8,9,10,13,14,16 	1
1,2,5,8,9,10,11,13,14,15 	2
1,2,7,8,9,10,13,15 	1
2,4,5,7,8,12,13 	2
2,3,4,5,6,7,8,11,12,13,14,15,16 	1
1,2,4,5,8,9,11,12,13,14,15 	1
1,2,5,6,7,8,9,11,13,15 	3
5,7,8,9,10,15 	1
1,2,5,7,9,10,13,14 	2
1,2,5,7,9,10,13,15 	170
1,2,3,4,5,8,10,13,15 	14
1,2,5,7,9,10,13,16 	26
1,2,4,7,9,10,11,13 	1
2,4,5,8,10,13,16 	12
2,4,5,8,10,13,15 	757
2,4,5,8,10,13,14 	27
2,4,5,12,13,14,15 	1
2,4,5,6,7,8,9,10,11,12,13,15,16 	1
2,5,6,8,10,12,13 	1
5,7,8,10,11,13 	2
1,2,3,4,5,10,11,13,15,16 	1
2,4,5,8,9,13,15,16 	14
2,9,13,14,15 	2
1,2,9,13,15,16 	1
2,4,5,7,8,9 	8
2,9,10,15,16 	1
4,7,11,13 	1
2,5,10,13,14,15 	11
2,4,7,8,11,12,13,14 	117
2,4,7,8,11,12,13,15 	2
1,2,3,5,8,9,10,13,14,15 	1
2,3,5,6,9,11,13 	1
1,4,8 	2
1,4,7 	1
1,4,6 	1
1,4,5 	11
2,3,5,8,13,14,15 	5
2,3,5,7,8,10,13 	10
2,4,5,6,7,13,15 	2
2,3,5,8,13,14,16 	1
2,4,5,6,8,11,12,13,14,15,16 	1
4,5,8,9,10,13 	2
1,2,3,5,7,10,13 	2
2,4,6,7,10,13 	4
1,2,4,5,7,8,9,10,11,13,14,15 	22
1,2,11,13 	2
1,2,4,5,7,8,9,10,11,13,14,16 	1
2,4,10,12,13 	3
2,5,8,10,12,13 	20
2,5,8,10,12,15 	1
1,2,7,8,10,13,16 	1
1,2,3,5,9,13,15,16 	1
3,4,5,9,15,16 	1
1,2,7,9,10,11,13 	1
5,6,10,13 	2
1,2,4,5,7,8,13,15 	9
2,4,5,6,8,10,11,12,13,14,15 	4
1,2,4,5,7,8,13,16 	1
1,2,4,5,6,7,8,9,11,12,13,14 	1
2,3,5,9,10,15 	4
2,3,5,9,10,13 	38
4,5,9,15 	256
4,5,9,16 	3
4,5,9,13 	273
2,3,5,7,8,10,11,13,15 	2
4,5,9,14 	3
2,4,5,6,7,8,11,12,13,14,15 	669
2,4,5,6,7,8,11,12,13,14,16 	3
1,2,3,4,5,7,8,9,11,13,15 	2
2,4,7,11,12,13 	2087
4,5,9,10 	5
1,2,3,5,6,9,13,15 	3
1,2,3,4,5,7,8,9,13 	1
3,4,5,13,16 	9
3,4,5,13,15 	142
1,2,7,8,10,13,15 	1
1,2,3,5,6,8,9,10,13 	2
1,2,7,9,10,15 	1
1,2,7,9,10,13 	34
1,5,7,9,13 	5
2,3,4,5,9,13,15 	86
2,4,8,11,13 	680
2,4,8,11,14 	1
2,5,6,7,8,9,10,11,13,16 	2
2,5,6,7,8,9,10,11,13,15 	2
2,3,4,5,9,13,16 	2
2,5,6,7,8,9,10,11,13,14 	1
2,4,7,9 	107
4,7,8,12,13,14 	4
2,5,7,8,9,12,13,15 	3
2,4,7,8 	51
1,2,5,7,9,12,13,16 	1
2,5,7,8,9,12,13,14 	1
2,5,6,9,11,13,15,16 	7
1,2,5,6,7,8,10,11,13,15 	2
1,2,5,7,9,12,13,15 	3
1,2,5,7,8,9,10,11,13,14,15 	2
6,7,8 	1
2,3,4,5,8,11,13,15 	48
1,2,3,4,5,8,9,11,13,15 	43
2,3,4,5,8,11,13,16 	4
2,3,5,7,9,13,14,15 	1
2,4,5,7,10,13,16 	29
2,3,4,5,8,11,13,14 	7
1,2,4,9,10,13 	3
2,3,4,5,9,10,13,15,16 	6
2,7,9,13,15 	147
2,7,9,13,16 	30
2,3,4,5,8,9 	3
2,7,9,13,14 	9
1,2,5,8,9,10,11,13,14 	1
2,4,5,6,8,9,10,12,13,14,15,16 	1
2,5,7,9,10,13,14,15 	2
1,3,4,5,13 	2
1,2,5,8,9,10,11,13,15 	34
1,2,5,8,9,10,11,13,16 	3
2,5,6,7,8,10,13,14 	1
2,5,6,7,8,10,13,15 	11
2,3,5,6,8,9,10,11,13,15 	1
2,6,7,12,13 	6
1,5,15,16 	5
1,2,9,10,13,16 	2
1,2,9,10,13,15 	11
2,3,4,5,7,13,14 	25
2,3,4,5,7,13,15 	3
1,2,5,8,13,15,16 	6
4,5,14,15 	2
2,3,4,5,7,13,16 	2
2,5,6,8,10,13 	50
2,3,5,7,8,10,13,15 	14
1,2,3,4,5,8,10,11,13,14,15,16 	1
1,2,7,13,16 	3
1,2,7,13,15 	9
2,5,9,10,12,13 	29
1,2,4,5,6,7,8,9,11,13,15,16 	3
3,4,5,13,14,16 	1
2,4,6,9,13 	1
2,4,6,9,10 	1
4,5,7,11,13 	1
2,3,4,5,6,8,9,10,11,13,15 	3
2,3,5,7,8,9,10,13,15,16 	4
1,2,4,5,7,8,10,13,14,15 	7
1,2,4,5,8,9,10,11,12,13,15 	3
2,4,5,7,12,13,15 	3
2,5,6,7,9,11,13,15 	8
2,5,6,7,9,11,13,16 	1
1,2,5,6,7,8,9,10,11,13 	3
2,4,5,6,7,8,10,12,13,15,16 	1
2,4,6,11,12,13,14 	7
2,5,6,7,8,9,10,11,12,13,14,15 	1
1,2,4,5,7,8,9,10,11,13,15 	114
1,2,4,5,7,8,9,10,11,13,14 	7
1,2,3,5,7,9,10,13,15 	3
1,2,5,6,7,8,9,11,13,15,16 	1
1,5,7,9 	2
5,13,15,16 	525
2,3,4,5,6,7,8,9,10,11,13 	1
1,2,4,5,7,8,9,10,11,13,16 	16
1,5,7,8 	1
1,2,3,4,5,6,7,8,10,13,15,16 	1
2,4,5,8,12,15 	1
1,2,4,5,8,9,10,16 	2
2,4,5,8,12,13 	113
1,2,4,5,8,9,10,13 	29
2,3,5,11,13,14,15,16 	1
2,9,10,13 	7392
2,9,10,14 	2
2,9,10,11 	4
2,3,4,5,7,8,10,13,15 	8
2,9,10,12 	8
2,3,4,5,7,8,10,13,14 	1
2,9,10,15 	35
2,9,10,16 	8
1,2,4,5,6,7,8,9,10,11,12,13,14,15,16 	3
1,2,3,5,7,9,13 	2
2,3,4,5,8,12,13,14,15 	1
2,3,4,5,6,8,9,13,15 	4
2,4,5,8,9,10,11,13,15,16 	16
1,2,4,5,6,7,8,9,10,11,13,14,15,16 	6
2,3,5,8,9,11,13,15,16 	1
2,7,9,10,13,15,16 	6
2,7,8,11,12,13,14 	1
2,5,7,8,9,10,13,14 	3
2,5,7,8,9,10,13,16 	19
2,4,5,6,8,9,10,11,12,13,14,15 	2
2,5,7,8,9,10,13,15 	327
2,4,5,6,9,13,16 	20
2,4,5,6,9,13,15 	80
1,2,5,7,9 	20
3,4,5,8,13,15 	4
8,13,14 	8114
2,4,5,6,9,13,14 	6
8,13,15 	357
2,4,9,13,15,16 	1
8,13,16 	3
2,4,5,8,9,10,11,13,16 	5
1,2,6,7,13 	24
1,2,3,4,5,8,9,11,13,15,16 	5
1,2,5,7,8 	5
2,4,5,7,9,13,14,15 	5
2,3,7,13 	2
2,5,6,7,9,13,15 	43
2,4,7,13,14,15 	15
2,5,6,7,9,13,14 	5
1,2,5,6,8,9,10,13,15 	68
1,2,5,6,8,9,10,13,16 	7
2,3,7,10 	1
1,2,5,6,8,9,10,13,14 	1
1,2,4,5,6,7,9,13 	28
2,5,8,13 	87466
1,2,4,5,6,10,11,13 	1
2,5,8,12 	13
2,3,4,5,6,8,9,10,13,15 	7
2,5,8,11 	417
2,5,8,10 	1118
2,5,6,7,9,13,16 	10
2,5,8,16 	47
2,5,8,15 	1053
1,2,3,5,9,13 	11
1,2,5,6,9,13,14,15,16 	2
2,5,8,14 	90
2,4,5,15,16 	28
1,2,3,5,9,15 	2
1,2,5,7,8,9,13,15 	29
1,2,4,5,9,10,11,13,15,16 	8
1,2,5,7,8,9,13,16 	2
2,4,5,7,10,13,14 	4
2,4,5,7,10,13,15 	277
2,5,7,8,9,13,15,16 	9
2,6,7,8,11,13 	3
1,2,4,5,8,10,12,13,14 	1
5,9,16 	596
5,9,15 	44051
1,2,4,5,8,10,12,13,15 	12
5,9,14 	190
1,2,3,5,9,15,16 	1
5,9,13 	27158
2,6,9,10,13,15 	6
5,9,12 	19
5,9,11 	188
2,3,5,7 	11
2,3,5,8 	112
5,9,10 	576
2,3,5,9 	2154
2,4,5,9,10,14,15 	1
1,2,5,6,7,9,13 	135
4,5,11,13,15,16 	1
2,3,5,14,15 	4
2,3,5,14,16 	2
1,2,4,5,8,10,13,15,16 	20
4,15,16 	1
2,5,8,9,10 	190
1,2,4,5,7,9,10,13,15 	175
2,5,8,9,11 	16
2,5,8,9,14 	6
2,5,8,9,13 	7234
1,2,4,5,7,9,10,13,16 	17
2,5,8,9,16 	9
2,5,8,9,15 	189
2,3,5,8,9 	8
7,15 	714
2,3,5,9,10,13,16 	1
2,3,5,9,10,13,15 	56
7,14 	14
7,16 	67
2,7,8,11,13 	89
3,4,5,7 	3
2,5,11,13,15,16 	98
7,11 	13
7,10 	1065
2,5,6,7,8,9,11,13 	3
7,13 	11389
7,12 	5
2,4,5,6,9 	1
2,4,5,7,9,10,11,12,13,15 	1
2,4,5,6,8 	1
1,2,3,4,5,7,8,9,10,11,13,14,15,16 	4
3,4,5,8 	2
2,3,4,5,9,15 	29
3,4,5,9 	1024
2,4,5,8,9,10,11,13,14 	6
2,3,4,5,9,16 	1
2,4,5,8,9,10,11,13,15 	125
2,3,4,5,9,10 	3
2,3,4,5,9,11 	1
2,3,4,5,9,13 	103
2,3,5,8,9,11,13 	13
1,5,9,13 	163
1,2,4,5,8,10,11,12,13,15 	2
1,2,3,4,5,8,9,11,13 	3
1,5,9,12 	1
2,3,5,8,14,15 	1
2,5,7,8,10,13,15,16 	27
1,5,9,10 	3
1,5,9,15 	13
1,2,5,6,9,10,13,15,16 	14
2,5,7,8,9,10 	45
2,5,7,8,9,13 	314
2,5,7,8,9,12 	1
2,5,7,8,9,15 	14
2,4,5,8,9,10,11,15 	1
2,4,5,8,9,10,11,13 	61
2,8,12,13 	124
5,7,8,13,15 	18
1,2,3,5,7,8,9,10,13,15,16 	1
5,7,8,13,16 	1
1,4,5,6 	1
1,4,5,7 	1
1,4,5,8 	1
2,8,10,14,15 	1
1,4,5,9 	6
2,4,5,6,7,8,12,13 	2
2,5,7,10,11,13 	77
2,4,5,7,10,13,14,16 	1
1,2,4,9,10,13,15 	1
2,4,5,7,10,13,14,15 	2
2,3,5,7,8,9,13 	6
2,3,5,8,11,13,15,16 	8
2,5,16 	10348
2,5,15 	80510
2,5,14 	205
2,6,7,9,10,12,13 	1
2,5,13 	639200
2,5,12 	75
2,5,11 	2675
2,5,10 	9888
1,2,5,9,15,16 	1
2,8,12,15 	1
2,4,5,6,9,10,11,13,15 	1
2,4,14,15 	4
2,4,5,6,9,10,11,13,16 	1
2,10,13,14,15 	2
1,2,4,5,7,8,11,12,13,14 	2
1,5,8,9,13,15 	1
2,3,4,5,6,9,10,13,15 	1
1,5,11,13,15 	1
2,5,7,15,16 	11
1,2,3,5,7,8,9,10,13,15 	9
1,2,4,5,7,10,11,13,15,16 	4
2,3,5,6,8,12,13 	1
2,6,13,15,16 	1
3,4,5,7,15 	1
2,4,5,6,8,9,10,11,12,13,14,15,16 	1
1,2,3,4,5,6,9,13,15 	2
1,2,4,5,6,7,8,9,10,13,14,16 	2
1,2,4,5,6,7,8,9,10,13,14,15 	12
2,6,8,10,13,15 	1
1,2,5,6,7,8,10,11,13 	2
1,2,3,4,5,8,9,13,15,16 	1
4,6,12,13 	1
2,4,5,10,13,15,16 	49
1,2,5,6,7,8,13,15 	4
1,2,4,5,6,7,8,9,13 	32
1,2,5,6,7,8,13,14 	1
1,2,5,6,7,8,13,16 	1
1,2,5,8,9,11,13,14,15,16 	1
2,8,9,10,13,15 	8
2,8,9,10,13,16 	1
2,3,5,7,8,15,16 	1
2,5,9,10,12,13,15,16 	2
2,3,4,5,8,9,11,13 	19
1,2,7,8,12,13 	1
2,5,7,8,9,10,12,13,16 	1
2,5,9,10,15,16 	2
7,11,13 	4
1,2,5,6,8,9,12,13,15 	2
2,5,7,8,9,10,12,13,15 	8
1,2,3,4,5,8,9,10,13,14,15 	5
2,4,5,8,9,10,12,13,15,16 	5
2,4,5,6,7,8,9,10,11,13 	4
2,3,4,5,15,16 	55
2,3,4,5,6,8,9,13,14,15 	1
2,4,7,10,13,16 	10
2,3,5,6,9,11,13,15 	1
2,4,7,10,13,15 	41
2,5,10,12,13,16 	1
2,8,10,12,13,15 	2
1,2,4,5,6,8,10,11,13,15 	1
1,2,4,5,6,8,10,11,13,16 	1
1,2,7,8,10,11,13,14 	1
2,4,7,10,13,14 	1
1,2,7,8,10,11,13,16 	1
1,2,5,6,9,13 	1309
2,3,4,5,6,9,13 	1
6,7,10,13,15 	1
2,4,7,12,13 	1446
2,4,5,7,9,10,11 	1
2,4,5,7,9,10,13 	285
2,7,10,11,13 	27
2,4,6,7,8,11,12,13 	89
1,2,5,6,9,15 	3
2,5,6,11,13 	7
2,4,5,7,9,10,14 	1
1,2,3,5,8,9,10,11,13,14,15,16 	1
2,3,4,5,11,13,14,15,16 	1
1,2,12,13,16 	1
2,4,7,11,13,14,15 	5
1,2,4,6,8,12,13,14 	30
1,2,4,5,6,8,9,10,12,13,14 	1
1,2,4,5,6,8,9,10,12,13,15 	28
2,4,8,10,13,15,16 	1
2,5,6,10,13,15,16 	1
1,2,3,4,5,6,7,8,9,10,11,12,13,15,16 	2
1,2,3,5,7,8,10,13,15 	2
1,2,4,5,7,9,10,12,13,14,15,16 	2
2,5,6,10,11,13 	1
2,5,10,12,13,15 	13
5,6 	81
5,7 	6251
5,8 	67960
5,9 	2911892
2,3,5,6,8,9,10,13,15 	2
1,2,5,9,10,13,14,15 	1
2,4,5,9,13,14,15,16 	2
14,16 	3
2,3,5,10,13,15,16 	37
14,15 	64
2,3,5,11,15,16 	31
1,2,4,5,8,13 	58
1,2,4,5,8,15 	2
1,2,5,6,7,9,10,13,15,16 	5
2,3,5,6,7,8,9,11,13,15 	1
2,3,5,6,7,8,9,11,13,16 	1
2,3,5,6,11,13 	1
1,2,4,5,6,8,9,10,11,12,13,15 	9
2,4,8,9,11,13 	1
2,5,7,9,11,13,16 	2
2,4,5,7,8,9,10,12,13 	2
2,5,7,9,11,13,15 	9
3,5,7,8 	2
2,6,7,8,9,10 	1
1,2,3,4,5,7,8,9,10,13,15,16 	10
2,5,8,9,10,15,16 	2
1,2,4,5,6,7,8,9,10,12,13 	1
1,2,5,8,10 	11
1,9,13,15 	2
1,2,3,4,5,6,8,9,13,15,16 	2
5,6,9 	37
5,6,8 	5
5,6,7 	1
3,4,5,10,13 	1
1,2,4,5,7,9,11,13,14,15,16 	1
1,5,8,9,13 	13
2,7,10,15 	64
2,7,10,16 	8
1,5,8,9,15 	1
2,7,10,13 	2968
1,5,8,9,16 	1
2,7,10,14 	2
1,5,8,13,15 	8
2,4,6,8,11,12,13,14,15 	7
1,2,3,5,15,16 	12
1,2,4,5,7,8,9,10,11,12,13,15 	9
1,2,4,5,7,8,9,10,11,12,13,16 	1
1,2,4,5,7,8,9,10,11,12,13,14 	1
5,6,8,9 	2
2,4,5,6,8,11,13,14,15 	2
2,5,8,9,13,14,15 	19
2,5,8,9,13,14,16 	2
2,4,5,7,8,9,12,13 	3
5,8,9,10,13,15 	5
2,6,8,11,13 	8
1,2,5,7,8,9,10,13,14,16 	1
1,2,5,7,8,9,10,13,14,15 	3
2,4,5,6,8,9,13,15,16 	2
2,3,5,10,11,13 	21
2,3,4,5,7,9,10,11,13,15 	1
2,4,5,8,9,11,13,15 	118
2,7,10,11 	7
1,3,16 	2
2,7,10,12 	2
2,4,5,8,9,11,13,14 	34
1,2,4,5,7,10,11,13 	12
1,2,3,4,5,12,13,14,16 	1
2,4,5,8,12,13,15 	243
2,4,5,8,9,10,11,12,13,14,15,16 	1
2,5,8,10,11,13,15,16 	9
2,4,5,8,12,13,16 	1
1,2,4,5,6,7,9,13,16 	1
1,2,4,5,6,7,9,13,15 	16
1,2,4,5,6,7,9,13,14 	2
2,5,8,9,13,14,15,16 	1
2,5,6,9,11,13 	39
1,2,4,7,10,11,13,16 	1
1,2,4,7,10,11,13,15 	2
2,5,6,8,9,10,13 	77
2,5,8,9,11,13,15,16 	11
2,5,6,8,9,10,15 	2
1,2,3,5,11,13,15,16 	6
4,5,9,11,13 	6
1,2,5,7,10,11,13 	10
1,2,4,5,8,12,13 	1
1,2,3,5,6,8,11,13,15 	1
2,4,6,8,12,13 	4400
2,4,5,6,8,9,10,11,13,15,16 	2
2,7,9,11,13,15 	1
1,2,3,4,5,7,10,11,13,15,16 	2
2,3,4,5,6,8,11,12,13,15,16 	1
2,4,5,8,12,13,14 	55
3,5,10 	9
1,2,5,6,7,8,9,11,13 	5
2,4,5,6,8,11,13,15 	7
2,4,5,6,8,11,13,14 	13
1,2,4,5,7,8,9,10,11,12,13,14,15,16 	1
1,2,3,5,8,9,11,13,15,16 	2
1,4,5,11,13 	2
1,2,5,8,16 	2
1,2,5,8,15 	6
2,3,10,13 	2
2,5,9,10,12,13,16 	1
2,3,10,16 	2
2,5,9,10,12,13,15 	22
1,2,4,5,6,8,13,14 	1
1,2,5,8,11 	1
1,2,5,8,13 	401
1,2,4,5,11,13,15 	8
3,5,14 	4
3,5,13 	27529
1,2,3,5,9,10,13 	4
3,5,11 	509
2,4,10,13,15,16 	2
2,4,9,10,11,13 	1
3,5,16 	22183
3,5,15 	112874
2,9,10,11,13,16 	1
2,9,10,11,13,15 	4
2,4,9,15 	9
2,9,10,11,13,14 	1
2,4,9,14 	1
2,4,9,13 	195
1,2,3,5,7,8,9,13 	1
2,4,9,12 	1
2,4,9,10 	44
1,2,5,7,10,11,13,15 	12
1,2,4,5,6,8,13,15 	2
1,2,5,7,10,11,13,16 	2
4,7,10 	9
4,7,13 	184
4,7,12 	1
4,7,15 	10
4,7,16 	1
1,2,4,5,8,10,12,13,15,16 	1
2,4,6,7,13,14 	1095
1,2,3,4,5,8,13,15 	10
2,5,7,8,9,10,12,13,15,16 	1
1,2,5,6,10,13,14,15 	1
5,9,11,13 	52
5,9,11,15 	10
2,4,5,7,11,13,15,16 	1
8,11,13,14 	166
1,2,3,4,5,7,9,10,13,16 	2
1,2,3,4,5,7,9,10,13,15 	7
2,5,9,10,11,12,13 	1
2,3,4,5,6,8,9,10,13,14,15,16 	1
1,2,3,4,5,10,11,13 	1
2,3,4,5,7,8,9,10,11,13 	1
2,8,9 	4096
2,5,9,12,15 	3
2,4,5,7,9,10,15 	5
2,4,5,8,9,11,13,14,15 	31
2,5,9,12,13 	45
2,5,8,11,13,16 	17
5,10,13,16 	3
5,10,13,15 	263
2,4,6,7,8,12,13 	191
2,3,4,10,13 	1
2,5,8,11,13,14 	385
2,5,8,11,13,15 	689
2,4,8,13,15,16 	2
2,3,4,5,7,9,13,15,16 	1
2,4,5,7,8,10 	8
2,4,5,7,8,9,11,12,13,14,15 	1
2,4,5,7,8,13 	548
2,4,5,7,8,15 	3
2,4,5,7,8,16 	1
2,11,13,16 	14
2,11,13,15 	17
1,2,5,7,9,10,11,12,13,15,16 	2
1,2,4,5,13,14,15,16 	1
2,11,13,14 	188
2,4,5,7,10,11 	1
1,2,4,5,7,9,16 	1
1,2,4,5,7,9,15 	2
1,2,5,9,10,11 	2
3,11,13 	4
2,3,5,8,10,11,13,14,15 	2
1,2,4,5,7,9,10 	3
5,12,13,15 	3
5,12,13,16 	1
1,2,4,5,7,9,10,12,13,14,15 	3
2,4,5,7,10,15 	10
1,2,3,5,8,9,11,13,15 	13
1,2,5,9,10,15 	2
2,4,5,7,10,13 	627
1,2,4,5,7,9,13 	23
1,2,5,9,10,13 	177
2,3,4,5,7,10,13 	7
2,4,6,8,11,12,13,14 	842
2,4,6,8,11,12,13,15 	3
1,2,5,7,8,12,13,15,16 	1
2,3,4,5,10,15,16 	1
2,4,5,6,7,9,13 	37
2,5,6,7,9,10,11,13 	1
2,4,5,6,7,10,13 	4
4,10,13 	13
2,4,5,8,9,13,15 	528
1,2,5,6,11,13 	3
2,4,5,8,9,13,16 	9
2,3,5,7,8,9,10,12,13,15 	1
2,4,5,8,9,13,14 	45
4,10,15 	2
1,2,5,7,8,9,10,12,13,14,15 	1
1,2,4,5,6,7,9,10,13,14,15 	1
1,2,5,6,7,8,9,10,12,13,15 	2
1,2,3,5,7,8,10,13,15,16 	2
1,2,4,5,15,16 	1
2,4,5,7,8,13,14,15 	7
2,3,4,5,8,11,13,14,15 	13
2,3,5,6,8,9,11,13 	2
2,4,5,9,10,12,13,14,15 	4
2,5,6,8,9,13,14 	6
1,2,4,5,6,7,13 	2
5,7,8,9,10 	3
1,2,3,4,5,9,10,13,15 	9
1,4,5,6,15 	1
5,7,8,9,13 	14
1,4,5,6,13 	1
5,7,8,9,15 	1
2,6,8,12,13,14,15 	1
2,4,8,11,12,13,14,15 	4
2,4,8,11,12,13,14,16 	3
2,4,5,6,7,8,11,12,13,15 	75
2,4,5,6,7,8,11,12,13,14 	475
2,4,5,7,8,9,10,11,12,13,14,15 	3
4,5,6,8,9,13 	1
2,5,6,8,9,13,15 	76
2,5,6,8,9,13,16 	5
4,5,6,8,9,11 	1
2,5,6,7,8,9,13,14,15 	1
3,5,9,13,15 	64
3,5,9,13,16 	3
5,11,13,14,15 	1
1,5,9 	279
1,2,5,7,8,9,10,13 	44
1,5,8 	54
1,2,9,10,13,15,16 	3
1,5,7 	9
1,5,6 	21
2,4,5,8,10,12,13,14,15 	9
2,5,6,7,9,10,13 	18
1,2,8,9,13 	2
1,5,6,7,9,13 	2
2,4,5,6,7,8,10,11,12,13,15 	2
2,4,5,6,7,8,10,11,12,13,14 	24
1,2,3,5,6,13 	1
2,3,5,8,10,13,15,16 	2
1,2,4,5,6,9,10,13,15,16 	4
2,4,5,10,12,13 	2
8,10,13 	422
2,4,5,9,10,11,13 	16
4,5,13,14,15 	2
8,10,11 	6
4,5,8,15,16 	2
8,10,16 	1
8,10,15 	12
1,2,3,4,5,8,10,11,12,13,14,15,16 	1
1,2,3,5,9,10,11,13,15,16 	1
2,9,13,14 	8
2,9,13,15 	683
2,9,13,16 	157
1,2,5,8,9,10,11,13 	17
2,4,7,9,10,13,15 	15
2,4,7,9,10,13,16 	4
4,11 	245
1,2,3,4,5,8,10,11,13,15,16 	10
4,12 	2501
4,13 	265974
1,2,4,8,12,13,14 	28
4,14 	328
2,4,5,7,8,11,12,13,15 	2
4,15 	7487
6,9,10 	1
2,4,5,7,8,11,12,13,14 	5
4,16 	155
1,2,4,5,6,7,8,10,11,13 	2
1,3,5,11,13 	1
6,9,13 	15
2,8,13 	150491
2,8,14 	584
2,8,15 	732
2,8,16 	78
4,10 	84
2,8,10,13,14,16 	1
2,8,10,13,14,15 	1
1,2,5,7,13,15,16 	10
2,8,10 	2843
2,8,11 	145
2,8,12 	196
1,2,4,5,6,7,9,11,13,15 	2
1,2,3,5,8,10,11,13,15,16 	1
1,2,8,10,13,15 	7
7,8,13,15 	2
5,9,14,15 	3
1,2,5,6,8,9,13,14,16 	1
2,4,7,11,12,13,14,15 	1
1,2,4,5,7,8,12,13,15 	1
1,2,8,16 	1
1,2,8,10 	5
2,4,8,9 	2
1,2,8,13 	60
1,2,5,11,13,16 	1
1,2,5,11,13,15 	21
1,2,5,11,13,14 	3
1,2,4,5,6,9,13,14,15,16 	1
2,6,8,10 	1
2,4,5,7,9,13,15 	118
2,4,5,7,9,13,14 	3
2,6,8,12 	1
2,6,8,13 	188
2,4,5,7,9,13,16 	10
2,4,8,11,12,13 	333
2,3,4,5,11,13,15,16 	566
1,2,5,7,9,10,11,13,16 	2
1,2,5,7,9,10,11,13,15 	16
1,2,5,6,7,8,9,10,13,14,15,16 	2
1,2,4,6,8,12,13 	31
1,2,5,7,8,9,13,15,16 	5
2,9,10,12,13 	37
2,4,7,8,11 	9
2,4,7,8,10 	10
1,2,5,7,8,10,13,14,15 	2
1,2,5,9,11,13,15 	12
2,4,7,8,15 	2
2,4,6,8,11,13,15 	1
1,2,4,5,6,8,9,13,14,15 	2
2,4,6,8,11,13,14 	127
2,4,7,8,13 	9027
2,4,5,7,8,9,10,12,13,15,16 	2
4,5,7,8,11,13 	1
4,7,8,10,13 	1
1,2,4,5,6,7,8,9,10,12,13,15 	24
1,2,5,7,8,9,10,11,13 	12
1,2,4,5,6,7,8,9,10,12,13,14 	1
1,2,4,5,6,7,9,10,11,13,14,16 	1
2,5,9,11,13,15,16 	9
1,2,4,10,11,13 	1
1,2,6,7,10,13 	1
2,4,13,14,16 	1
1,2,4,5,7,8,9,13,15,16 	9
2,4,13,14,15 	61
1,2,3,4,5,8,13 	4
2,4,6,13,14,15 	1
2,5,7,8,9,11,12,13 	1
2,5,7,10,14,15 	1
2,5,6,8,9,11,12,13,14,15 	1
1,2,4,5,8,9,10,11,13,14 	4
1,2,4,5,6,7,8,10,11,12,13,14,15,16 	28
2,5,7,8,10,16 	1
1,2,4,5,8,9,10,11,13,15 	100
1,2,4,5,8,9,10,11,13,16 	4
2,5,7,8,10,11 	2
2,5,7,8,10,14 	1
1,2,5,6,7 	2
2,5,7,8,10,15 	34
2,5,6,9,10,13,14,15 	1
1,2,5,6,9 	43
2,5,7,8,10,13 	785
1,2,5,6,8 	2
2,3,5,7,9,10,13,15 	4
5,7,8,9,13,15 	1
2,3,4,5,8,9,11,13,14,15 	3
2,7,8,9,13,14 	1
2,7,8,9,13,15 	10
2,6,7,8,11,12,13,14 	2
2,7,8,9,13,16 	1
1,2,5,6,10,13,15 	3
2,3,5,9,13,14,15 	1
2,5,7,8,13,15,16 	4
1,5,6,9 	20
2,3,4,5,8,9,10,11,13,14,15 	3
4,5,8,10,11,13 	1
1,2,5,7,8,13,16 	1
1,2,5,7,8,13,14 	2
1,2,5,7,8,13,15 	26
2,5,9,15,16 	55
1,5,10,13 	8
2,3,5,7,15,16 	14
2,4,5,8,11,13,14,15,16 	1
2,4,5,6,8,9,11,13,14,15 	3
1,2,3,4,5,13,15,16 	11
1,2,5,8,10,13,15,16 	27
2,6,8,12,13,14 	26
2,4,5,9,13,14 	18
2,4,5,9,13,15 	689
2,3,5,7,10,11,13,15 	1
2,4,5,9,13,16 	15
1,2,4,5,8,9,10,11,13,14,15 	12
2,5,10,13,14 	19
2,5,10,13,15 	4552
2,5,10,13,16 	193
2,4,5,9,13,15,16 	21
2,7,10,13,15,16 	5
1,2,3,4,5,7,8,9,10,11,13,15,16 	27
1,2,4,5,6,7,8,9,10,11,13,15,16 	20
1,2,4,5,6,7,8,10,11,13,14,15 	4
1,2,5,8,9,13,15,16 	7
1,2,4,5,7,8,11,13,14,15 	1
1,2,5,8,9,12,13 	2
1,2,3,4,5,6,7,8,9,10,13,15,16 	1
3,5,7,8,13,15,16 	1
5,8,9,15,16 	4
2,3,4,5,11 	31
2,3,4,5,10 	12
2,3,4,5,15 	350
2,3,4,5,16 	23
2,3,4,5,13 	4065
2,3,4,5,14 	1
2,5,6,9,10,13,16 	4
1,2,3,5,7,9,13,16 	1
2,5,6,9,10,13,14 	2
2,5,6,9,10,13,15 	62
1,2,4,5,7,9,11,12,13 	1
5,14,15 	11
2,4,7,12,13,14 	937
5,14,16 	2
2,4,7,12,13,15 	1
2,4,5,7,9,10,13,15 	285
2,4,5,7,9,10,13,16 	24
2,3,5,13,14,15,16 	2
2,4,5,7,9,10,13,14 	2
1,2,5,8,9,10,11,12,13,15,16 	1
2,5,13,16 	8849
1,2,3,5,9,10,11,13 	2
2,5,13,15 	87084
2,5,13,14 	1571
2,7,13,16 	41
2,3,4,5,6,7,8,10,11,13 	1
2,4,5,7,8,10,13,14,15 	12
2,4,5,7,8,10,13,14,16 	1
2,5,7,9,10,12,13,16 	1
2,5,7,9,10,12,13,15 	17
6,8,10,13 	1
1,2,3,4,5,6,8,9,10,13,14,15 	1
1,2,3,4,5,7,10,13,14,15 	1
1,7,10,13 	1
1,2,5,6,10,11,13,14,15 	1
2,5,6,9,12,13,15 	1
1,2,4,5,9,10,12,13 	1
2,8,11,13,15 	8
2,8,11,13,14 	61
1,4,5,8,9,13 	1
2,3,4,5,7,8,9,11,13,15,16 	1
2,4,5,7,9,10,11,13,15 	12
2,4,5,7,9,10,11,13,16 	7
1,4,5,8,9,15 	1
2,7,13,15 	183
2,7,13,14 	40
2,3,8,13,15 	2
2,6,7,8,11,12,13,14,15 	1
2,5,6,8,10,13,15,16 	1
2,7,9,10,16 	3
1,2,3,4,5,8,10,11,13,14 	1
1,2,3,4,5,8,10,11,13,15 	42
2,4,5,7,9,12,13,15 	6
2,3,4,5,7,11,13,15 	1
1,2,5,6,8,10,13 	8
2,4,5,6,8,10,12,13,14,15 	9
2,7,9,10,15 	12
2,7,9,10,14 	1
2,7,9,10,13 	1597
2,4,15 	765
2,4,16 	26
2,5,6,9,13,14,16 	7
2,3,5,9,15,16 	36
2,4,13 	1115708
2,5,6,9,13,14,15 	8
2,4,14 	2514
2,4,11 	51
2,4,12 	384
2,4,10 	657
2,3,4,5,9,10,13,15 	56
1,2,5,6,8,13,15 	15
2,4,5,8,9,10,11,12,13,14,15 	3
5,8,13,15 	1132
5,8,13,14 	31
3,5,15,16 	6916
2,3,4,5,6,7,8,11,12,13,15 	1
5,8,13,16 	19
2,4,5,9,16 	6
2,4,5,9,15 	127
1,2,4,5,6,7,9,10,13 	5
1,2,4,5,7,8,10,11,13 	31
1,2,5,6,8,9,10,13 	53
1,2,4,5,7,8,11,12,13,14,15 	2
2,4,5,8,11,13,14,15 	302
2,5,9,10,13,14,16 	1
1,2,3,4,5,9,10,13,15,16 	7
2,5,8,10,12,13,15,16 	2
2,5,9,10,13,14,15 	6
1,2,5,6,7,8,9,12,13,15 	1
2,4,5,7,11,13,15 	4
2,4,5,7,11,13,16 	1
2,4,7,11,14 	2
1,2,5,9,10,13,14,15,16 	3
2,6,7,8,13,15 	1
1,2,3,5,10,13,15,16 	4
1,2,5,9,10,11,13,15,16 	8
1,2,5,11,16 	1
1,2,5,11,15 	1
2,3,4,5,8,10,11,12,13,15 	3
1,2,5,11,13 	82
2,4,7,11,13 	21982
2,5,7,8,11,13,14 	2
2,4,5,7,8,9,11,13 	21
6,7 	26
6,8 	29
6,9 	34
2,5,7,8,11,13,16 	3
2,5,7,8,11,13,15 	25
1,2,4,7,8,10,13 	1
2,4,5,7,11,13,14 	3
1,2,10 	240
2,8,9,13,15 	15
1,2,11 	4
2,8,9,13,14 	35
2,4,5,9,12,13,15 	7
1,2,13 	2128
2,8,9,13,16 	1
1,2,14 	4
1,2,15 	29
2,4,5,9,10 	53
1,2,16 	28
2,10,15,16 	6
2,4,5,9,11 	4
2,4,5,9,14 	1
2,4,5,9,13 	1599
1,2,4,5,6,7,8,9,11,12,13,14,15 	1
1,2,5,10,11,13,14 	1
1,2,5,10,11,13,15 	15
1,2,9,10,11,13,16 	1
2,4,5,7,11,13 	15
2,5,7,8,9,10,11,13 	37
1,2,3,5,7,13,15,16 	1
2,5,10,12 	5
1,2,3,4,5,8,10,11,13 	6
2,5,10,11 	69
2,5,10,14 	4
2,5,10,13 	9666
7,12,13 	2
1,2,5,7,9,10,11,13 	6
2,4,5,11,13,16 	87
2,4,5,11,13,14 	15
2,4,5,11,13,15 	254
2,4,5,9,10,12,13,15 	3
1,2,4,5,7,8,10,13,14,15,16 	2
2,4,5,9,10,12,13,16 	1
2,7,11,13 	80
2,7,9,10,11,13,16 	2
2,7,9,10,11,13,15 	1
3,5,11,13,15 	43
3,5,11,13,16 	7
2,4,7,8,12,13,14,15,16 	1
2,4,5,6,8,13,16 	1
2,4,5,6,8,13,15 	88
2,4,5,6,8,13,14 	12
2,4,6,8,12,13,15 	33
2,4,7,10,12,13 	2
2,4,6,8,12,13,14 	1284
2,4,5,6,8,9,10,11,13,16 	1
2,4,5,6,8,9,10,11,13,14 	1
3,5,7,9,13,16 	1
2,4,5,6,8,9,10,11,13,15 	10
2,5,9,10,13,14,15,16 	2
2,5,10,16 	38
2,5,10,15 	988
1,2,4,5,6,8,9,11,13,15,16 	2
2,5,10,13,14,15,16 	2
2,4,5,6,7,8,9,10,13,14,15 	9
2,5,6,7,8,10,11,13,15 	2
2,4,5,9,12,13 	3
2,4,5,9,12,15 	1
2,3,4,5,10,11,13,14,15 	2
2,3,5,6,8,9,10,11,13,15,16 	1
2,4,5,11,13,15,16 	51
2,5,6,10,12,13 	1
2,4,7,8,9 	4
1,2,4,6,12,13 	1
2,7,8,13,16 	1
2,7,8,13,14 	13
2,4,5,8,9,10,15 	1
2,7,8,13,15 	24
1,2,4,5,6,8,9 	2
2,9,11,12,13 	1
2,4,9,12,13 	1
5,7,9 	561
5,7,8 	337
2,5,7,9,11,13 	26
1,2,3,5,7,8,10,11,13,15 	4
1,2,3,5,7,8,10,11,13,14 	1
2,5,6,8,10,11,13,15 	3
2,5,6,10,15 	1
2,3,4,5,6,7,8,9,10,11,13,15,16 	1
2,5,6,10,13 	39
2,5,6,7,13,14 	1
4,5,7,13,14 	33
4,5,7,13,15 	21
2,5,6,7,13,15 	3
4,5,7,13,16 	1
1,2,3,5,11,13,16 	1
2,5,7,9,10,15,16 	2
1,2,3,5,11,13,15 	8
4,5,9,11,13,15 	1
1,2,4,5,7,13,16 	2
2,4,5,7,8,9,11,13,15,16 	4
1,2,4,5,7,13,14 	8
1,2,4,5,7,13,15 	19
1,2,4,5,8,9,13,15,16 	4
1,2,3,4,5,9,13,15 	5
1,2,6,9,10,13 	1
2,4,5,7,13,14,15 	2
1,2,4,5,7,8,9,10,12,13,15 	11
2,4,5,7,13,14,16 	1
5,7,8,10,13,15 	4
1,2,5,6,7,8,9,10,13 	23
2,5,8,11,16 	1
2,5,8,11,12 	1
2,12,13,14,15 	2
2,5,8,11,13 	3231
2,5,8,11,14 	11
2,5,8,11,15 	25
4,8,11,12,13 	32
4,7,13,15 	9
1,5,6,9,13 	17
2,9,15,16 	20
1,2,4,8,11,12,13 	5
1,2,3,5,9,10,13,15,16 	2
2,3,5,8,9,10,13,15 	48
3,5,9,13 	84
2,12,16 	1
2,3,5,8,9,10,13,16 	1
3,5,9,15 	814
2,12,14 	6
3,5,8,11,13 	9
2,12,15 	18
2,4,5,10,16 	2
2,4,5,10,15 	47
2,12,13 	1637
1,2,5,7,8,9,10,13,15,16 	33
1,2,4,5,7,9,13,15,16 	11
1,2,5,6,7,9,10,11,13 	3
2,4,5,10,12 	1
2,4,5,10,11 	5
2,3,4,5,11,13,15 	675
2,4,5,10,14 	1
2,3,4,5,11,13,16 	204
2,4,5,10,13 	981
2,4,5,6,8,9,10,11,13,14,15 	1
3,5,9,16 	71
4,7,8,13 	10
2,4,7,9,10,12,13,15 	1
4,7,8,15 	1
1,2,4,5,6,8,9,10,11,12,13,15,16 	11
2,3,4,5,6,8,11,12,13,15 	1
1,2,5,9,10,13,15,16 	65
2,4,7,8,11,13,14,15 	1
2,5,6,8,11,13 	9
1,15 	27
2,4,5,6,7,8,9,10,11,13,15 	16
1,13 	1020
2,4,5,6,7,8,9,10,11,13,16 	1
1,10 	16
1,11 	9
5,6,12,13 	2
2,4,6,7,13,14,15 	2
5,11,14 	17
2,3,4,5,8,13,15,16 	5
5,11,15 	688
1,5,6,13,15 	1
2,5,9,10,11,13,15 	34
5,11,16 	115
2,5,9,10,11,13,14 	1
1,5,6,13,16 	1
1,2,4,5,6,7,8,9,11,13 	4
2,6,7,11,12,13 	1
2,5,9,10,11,13,16 	5
2,5,6,7,8,9,10,13,15,16 	4
1,2,3,5,6,7,8,9,10,13 	6
2,4,5,6,8,13,15,16 	2
1,2,4,5,8,11,13 	52
5,11,12 	2
1,2,5,6,7,8,9,10,12,13 	1
5,11,13 	3311
2,4,10,13,15 	55
2,4,10,13,14 	4
1,2,5,6,8,9,10,13,14,15 	1
2,4,5,13,14,16 	47
2,4,5,13,14,15 	34
2,4,10,13,16 	5
1,2,4,5,8,10,11,13 	40
2,13,14,16 	1
2,13,14,15 	87
1,2,5,6,8,9,10,11,13,16 	2
1,2,4,5,7,8,10,11,13,15,16 	14
1,2,5,6,8,9,10,11,13,15 	13
1,16 	63
2,5,8,9,10,12,13 	10
5,11,12,13 	3
2,4,11,12,13,15 	4
2,4,11,12,13,14 	70
1,2,4,11,13,15 	1
2,5,8,9,12,13,16 	2
2,5,10,11,13,15,16 	7
2,3,5,8,9,10,11,13,14,15 	2
2,5,8,9,12,13,15 	15
4,8,11,12,13,14 	12
3,10,13 	1
2,5,6,7,8,9,12,13,15 	1
1,2,4,5,7,8,13 	16
1,2,3,4,5,10,13 	9
2,5,9,10,11,13,15,16 	7
2,4,6,8,11,13 	473
1,2,4,5,7,8,10,11,12,13 	1
1,2,3,4,5,6,7,8,9,10,11,13,14,15,16 	2
4,8,10 	11
2,5,8,11,12,13 	4
4,8,13 	5633
4,8,14 	34
4,8,11 	4
4,8,12 	547
2,3,4,5,8,12,13,14,15,16 	1
1,2,3,5,8,11,13 	13
4,8,15 	30
2,7,10,12,13 	9
2,4,7,11,12,13,14 	570
1,2,6,8,12,13 	1
1,2,3,4,5,6,7,8,9,10,13 	2
2,4,5,6,8,10,11,12,13,15 	4
2,4,5,6,8,9,10,13,14,15 	4
3,5,7,13,15 	1
1,2,3,5,13,14,16 	42
2,8,11,12,13,14 	4
4,5,6 	2
4,5,8 	909
4,5,7 	155
4,5,9 	1982
2,3,4,5,13,14,16 	244
2,7,8,9 	46
2,3,4,5,13,14,15 	3
2,4,5,6,9,11,13 	9
3,4,5,8,11,13 	1
1,2,3,5,6,9,13 	1
1,4,5,13,15 	11
2,5,8,14,15 	6
1,2,4,7,11,12,13 	1
2,5,6,8,11,13,15 	3
2,5,6,8,11,13,14 	2
1,2,9,13,16 	7
2,6,8,11,12,13 	2
1,2,9,13,15 	5
1,2,4,6,7,13 	2
2,4,5,7,8,9,10,11,13,15,16 	23
2,3,4,5,7,8,9,10,11,13,15,16 	5
2,4,5,7,8,10,11,12,13,14 	2
2,4,5,7,8,10,11,12,13,15 	3
5,7,15 	337
11,12,13,14 	1
5,7,16 	95
2,4,12,14 	21
1,2,4,5,8,9,10,13,14,15 	7
2,4,12,13 	5574
1,2,5,7,8,9,11,13,15,16 	2
2,4,5,8,10,11,13,16 	1
2,4,5,8,10,11,13,15 	222
2,4,5,7,9,10,11,12,13 	1
2,4,5,8,10,11,13,14 	32
1,2,3,5,7,13 	1
1,2,4,5,9,13,15,16 	8
2,4,5,7,10,15,16 	1
5,7,13 	983
5,7,14 	2
5,7,11 	12
5,7,12 	2
5,7,10 	143
1,2,8,10,13,15,16 	1
1,2,5,7,10,12,13,15 	1
1,2,3,4,5,7,8,11,12,13,15 	1
1,2,3,4,5,6,7,9,10,13 	1
2,7,12,13,15 	2
2,5,7,8,13 	1350
2,5,7,8,15 	30
2,5,7,8,16 	2
2,5,7,8,10 	161
2,5,7,8,11 	3
1,2,5,7,10,12,13,16 	1
1,2,4,13,16 	1
2,3,5,9,10,13,15,16 	2
1,2,4,13,14 	2
1,2,4,13,15 	4
2,4,7,8,12,13,16 	1
2,4,7,8,12,13,15 	2
2,4,7,8,12,13,14 	120
1,2,5,6,9,11,13 	29
2,5,6,7,8,10,11,13 	3
1,2,4,6,8,13,14 	8
2,5,7,8,13,15 	276
2,5,6,8,9,10,13,15,16 	6
2,4,5,7,8,13,15,16 	4
2,5,7,8,13,16 	10
1,5,13,15 	53
2,15,16 	151
1,5,13,16 	8
1,5,13,14 	1
2,4,5,8,10,12,13 	9
2,3,5,6,8,9,10,13 	2
2,5,7,8,13,14 	10
1,2,4,5,7,9,10,13,15,16 	74
2,7,14,16 	1
1,5,10,13,15 	2
1,2,7,9,12,13 	2
1,6,8 	1
2,4,5,6,8,9,11,12,13,14 	2
4,12,13,16 	1
2,4,5,6,8,9,11,12,13,15 	3
4,12,13,14 	12
4,5,8,10,11,13,15 	1
4,12,13,15 	5
5,7,8,15,16 	1
3,4,5,15,16 	15
2,8,10,12,13 	6
5,11,13,15,16 	5
1,2,5,7,8,10,13 	54
2,3,5,7,8,9,11,13,15 	1
1,2,5,9,13,14 	10
1,2,3,5,8,9,13,15,16 	3
1,2,5,9,13,15 	270
2,3,5,7,8,9,11,13,16 	1
1,2,4,5,6,10,13 	1
1,2,5,7,8,10,13,15,16 	16
2,4,5,6,9,10,13,14 	1
2,4,5,6,9,10,13,15 	27
2,4,5,6,9,10,13,16 	2
5,7,15,16 	20
2,4,8,12,13,16 	5
2,4,8,12,13,15 	30
2,4,8,12,13,14 	947
1,5,8,9,11,13 	1
1,2,5,9,13,16 	55
1,2,5,10,12,13 	3
2,4,6,8,10,11,13,14,16 	1
2,4,5,9,10,12,13 	2
2,7,9,13,15,16 	8
2,10,12,15 	1
2,3,5,7,9,13 	7
1,2,5,8,10,11,13 	44
2,10,12,13 	88
2,3,5,7,9,10 	1
1,2,4,5,8,9,10,12,13,14,15 	1
1,2,5,7,10,11,13,14,15,16 	1
1,2,4,5,13,14,15 	2
1,2,5,9,11,13,15,16 	3
3,8,11,13 	1
2,4,6,13,14 	1102
2,4,6,13,15 	7
2,4,6,13,16 	1
2,4,5,7,8,10,11,13,15 	81
4,13,16 	2
2,4,5,7,8,10,11,13,14 	15
4,13,15 	728
2,7,8,9,10,15 	1
4,13,14 	1171
2,4,5,7,8,10,11,13,16 	8
2,7,8,9,10,13 	50
1,2,4,5,6,7,8,9,10,11,12,13,14,15 	2
1,2,3,5,8,13,15,16 	2
2,7,10,15,16 	1
2,3,5,9,10,11,13 	1
2,5,6,7,10,13,15 	3
1,2,4,5,6,8,11,12,13,14,15 	7
1,2,4,5,6,7,8,10,11,12,13,14 	28
2,3,9,10,13 	1
1,2,4,5,6,7,8,10,11,12,13,15 	2
2,4,5,6,8,9,11,13 	5
1,2,7,9,10,13,16 	4
1,2,7,9,10,13,15 	10
2,5,7,12,13,15 	2
2,3,4,5,7,15 	2
2,3,4,5,7,13 	8
2,3,4,5,6,7,8,9,11,13 	1
2,3,4,5,7,8,10,13,15,16 	2
2,4,5,7,8,9,10,13,15,16 	89
5,8,10,12 	2
5,8,10,11 	10
5,8,10,13 	391
5,8,10,16 	1
2,3,4,5,8,10,12,13,15 	1
5,8,10,15 	26
2,5,6,8,10,13,14,15 	2
10,13,14 	1
1,2,5,6,8,9,13,16 	10
10,13,15 	169
1,2,5,6,8,9,13,15 	51
10,13,16 	4
1,2,5,6,8,9,13,14 	3
1,4,5,9,13 	4
7,8,12,13 	1
1,2,5,8,10,11,12,13 	1
1,2,4,5,7,8,9,13,14,15 	1
5,7,9,13,15 	67
2,5,8,9,10,12,13,16 	1
2,5,8,9,10,12,13,15 	11
2,4,5,8,9,10,13,16 	15
2,4,5,8,9,10,13,15 	472
5,7,9,13,16 	1
2,4,5,8,9,10,13,14 	9
4,5,7,10,13,15 	1
1,2,4,5,7,9,13,14,15,16 	1
2,4,5,8,9,10,13 	331
5,9,10,11,13 	1
1,2,4,5,8,10,11,13,16 	2
2,5,7,8,10,11,13,15,16 	2
2,8,9,10,15 	2
2,7,12 	12
2,7,13 	6871
2,7,14 	6
2,7,15 	187
1,2,4,5,8,10,11,13,15 	62
2,7,16 	19
1,2,4,5,8,10,11,13,14 	7
2,4,5,8,12,13,14,15 	32
1,2,5,6,7,8,10,13 	4
2,3,4,5,6,7,8,9,10,13,15 	10
2,7,10 	3533
2,5,9,11,12,13 	1
2,7,11 	8
2,3,4,5,6,7,8,9,10,13,14 	1
2,8,9,10,13 	126
2,4,5,8,14,15 	3
2,4,5,6,13 	80
1,4,6,13 	3
2,4,5,6,7,8,10,12,13,15 	7
4,7,9,13,15 	1
3,5,7,8,15,16 	1
1,2,4,5,7,9,10,11,13 	9
2,5,7,8,13,14,15 	2
2,5,13,14,16 	102
2,5,13,14,15 	64
1,2,5,6,9,10,11,13 	6
2,7,9,11,16 	1
2,4,5,6,8,9,10,12,13 	7
2,7,9,11,13 	2
2,5,6,10,12,13,15 	1
2,5,7,8,13,14,15,16 	1
2,7,8,10,11,13 	5
2,8,10,11,13,15 	2
2,4,5,7,8,9,11,13,14 	3
2,8,10,11,13,16 	1
2,4,5,7,8,9,11,13,15 	16
11,13,15 	4
2,6,7,10,13 	3
11,13,16 	3
11,13,14 	260
1,2,4,5,10,12,13,15 	1
2,5,6,8,11,12,13,14 	5
2,5,6,8,11,12,13,15 	1
1,2,4,5,6,7,8,9,10,13,14,15,16 	3
1,2,4,5,6,7,8,9,13,14,15 	2
5,6,8,10,13 	1
2,3,5,6,7,8,9,13,15 	2
2,4,5,9,10,11,13,14,15 	2
1,2,13,15,16 	4
2,4,5,6,10 	1
2,3,5,9,12,13 	2
2,4,5,6,9,13,15,16 	14
1,2,5,10 	64
1,2,3,4,5,8,9,10,11,13,14,15 	14
1,2,5,13 	1653
1,2,3,5,8,10,13,15 	10
1,2,5,11 	7
1,2,5,12 	1
1,2,5,7,15,16 	1
1,2,5,15 	66
1,2,5,16 	30
2,3,4,5,8,9,10,11,13,15,16 	9
9,13,14 	1
9,13,15 	637
9,13,16 	2
1,2,5,6,8,9,10,11,13 	4
2,4,7,10,11,13,15 	1
1,2,3,4,5,8,10,13 	4
1,2,4,5,9,10,11,13 	8
2,5,6,10 	7
2,5,6,15 	7
2,5,6,13 	651
2,5,6,12 	2
2,5,6,16 	1
7,9,10,13 	1
7,15,16 	1
1,2,7,9 	12
2,4,5,8,9,12,13,14,15 	8
3,4,5,7,13,15 	1
1,2,5,6,7,8,9,10,11,13,15,16 	6
2,4,5,6,7,8,9,13,15,16 	1
2,4,5,13,14,15,16 	1
2,5,6,7,9,13,15,16 	10
5,7,9,10,13,15 	4
2,4,7,8,12,13,14,16 	5
2,9,12,16 	1
2,9,12,15 	9
2,9,12,13 	39
1,2,5,7,8,10,11,13,14,15 	1
2,3,7,9 	2
1,2,5,7,8,10,11,13 	19
11,12 	7
11,14 	1188
11,13 	5511
2,4,5,8,10,11,13,14,15 	78
1,2,4,5,7,8,11,13 	6
11,16 	73
1,2,5,13,14,16 	1
11,15 	49
2,3,4,5,13,14 	610
2,3,4,5,13,15 	2325
2,3,4,5,13,16 	260
1,2,3,4,5,7,8,11,13,15 	3
1,2,3,4,5,7,8,10,11,13,15,16 	5
1,2,4,5,6,7,8,9,10,12,13,15,16 	2
7,8 	752
7,9 	3153
8,15,16 	1
2,4,5,6,7,8,9,11,13 	3
7,8,10 	54
7,8,11 	2
7,8,13 	99
7,8,14 	1
7,8,15 	8
7,8,16 	1
1,2,5,6,13 	390
2,8,14,15 	4
1,2,5,6,10 	1
1,2,4,5,6,7,8,12,13,15 	1
2,4,5,7,8,10,11,12,13,14,15,16 	1
4,5,8,11,13,16 	1
4,5,8,11,13,14 	5
2,4,7,16 	1
4,5,8,11,13,15 	20
2,4,7,14 	5
2,4,7,15 	9
2,5,8,9,11,12,13,15 	3
2,3,4,5,8,10,11,13,14 	2
2,4,7,12 	1
2,3,4,5,8,10,11,13,15 	28
2,4,7,13 	14085
2,4,5,7,8,15,16 	1
2,4,7,10 	255
2,4,7,11 	25
1,2,4,5,6,8,9,10,11,13,14,15,16 	1
2,5,10,15,16 	11
5,7,8,10 	30
5,7,9,11,13,15 	1
2,4,5,6,8,9,10,11,12,13,15 	8
2,5,7,8,10,11,12,13 	3
4,6,8 	1
2,4,5,7,8,11,13,14,15 	6
2,4,10,12,13,15 	1
1,2,5,7,10,12,13,15,16 	2
2,5,8,10,13,15,16 	63
2,5,7,8,9,10,11,13,14,15 	3
2,4,5,8,10,11,13,14,15,16 	1
5,7,8,11 	2
2,3,5,6,13,15 	3
5,7,8,13 	187
5,7,8,16 	2
2,4,5,10,11,13,14,15 	1
5,7,8,15 	12
2,4,9,10,13,15,16 	1
2,4,5,6,8,10,11,13 	5
9,16 	15
2,4,6,12,13,14 	44
2,4,6,12,13,15 	7
1,2,3,4,5,7,8,9,10,11,12,13,14,15,16 	2
9,10 	13
9,11 	2
2,3,4,5,8,9,12,13,15 	2
9,14 	3
9,15 	8599
9,12 	4
9,13 	4630
2,5,6,9,10,12,15 	1
2,8,11,12,13 	8
2,6,8,9,10,13 	3
2,3,4,5,7,8,13,14 	1
2,3,4,5,7,8,13,15 	9
2,5,6,9,10,12,13 	3
1,2,3,4,5,9,10,13 	1
2,5,6,8,10,13,16 	1
2,5,6,8,10,13,15 	52
3,13,15 	2
2,6,7,8 	1
3,13,16 	13
2,6,7,9 	5
4,6,7,8,12,13 	9
2,3,5,8,9,13,15,16 	4
1,2,4,5,7,10,13,15,16 	28
2,3,12,13 	2
2,5,8,11,12,13,14,15 	1
1,2,5,6,7,8,10,12,13,15 	1
2,4,5,6,10,13,15 	9
2,4,5,6,10,13,16 	1
1,2,4,7,8,10,13,15 	1
3,4,5,7,8,16 	1
1,7,9,13 	1
5,7,8,10,15 	4
2,10,11,13,15 	9
2,4,5,7,8,10,12,13,15 	8
2,10,11,13,16 	3
2,5,6,7,9,10,13,14 	1
2,5,6,7,9,10,13,16 	5
2,5,6,7,9,10,13,15 	12
2,5,7,9,10,11,13,15,16 	2
2,3,4,5,8,9,10,12,13,15 	3
5,7,8,10,13 	20
1,2,3,5,7,8,10,11,13 	1
2,5,7,10,12,13,15,16 	1
5,11,15,16 	14
1,2,3,5,9,11,13,15 	5
2,5,9,11 	74
1,2,3,4,5,13,14 	1183
1,2,3,4,5,13,15 	12
2,5,9,12 	20
2,5,9,13 	63270
1,2,4,7,9,13,15 	2
1,2,3,4,5,13,16 	15
2,4,5,8,10,13,14,15 	55
2,5,9,14 	67
2,3,5,8,12,13,15 	2
2,4,5,8,10,13,14,16 	1
2,5,9,10 	1382
2,5,9,15 	5185
2,5,9,16 	369
1,2,3,4,5,7,8,9,10,12,13,15,16 	1
2,3,4,5,7,8,9,10,13,15 	25
1,2,3,5,6,7,8,9,13 	1
1,2,4,5,6,7,8,11,12,13,14,15,16 	17
2,4,5,6,9,10,13,15,16 	1
5,10,11,15 	3
5,10,11,16 	1
5,10,11,13 	18
2,3,4,5,8,9,13,15 	44
2,5,9,14,15 	3
2,5,9,14,16 	1
2,5,7,8,9,12,13,15,16 	2
2,3,4,5,8,9,13,16 	2
3,5,7,8,13 	2
2,4,5,7,9,13,15,16 	9
2,4,5,6,7,8,9,10,13,14 	2
1,2,4,5,7,10,13 	88
2,4,5,6,7,8,9,10,13,16 	1
2,4,5,6,7,8,9,10,13,15 	55
1,2,8,13,15 	5
1,2,8,13,14 	1
1,2,4,5,7,10,16 	1
2,3,4,5,8,12,13 	2
1,2,4,5,7,10,15 	1
4,5,7,11 	1
4,5,7,13 	86
1,2,5,6,8,9,13,15,16 	11
1,2,4,5,9,11,13 	2
4,5,7,10 	4
2,4,7,8,9,13 	10
1,2,4,5,7,8,10,12,13,15 	9
4,5,7,16 	6
1,2,10,11,13,15 	1
1,2,10,11,13,16 	3
4,5,7,15 	10
2,5,6,13,16 	11
1,2,4,5,6,7,8,10,11,13,16 	2
1,2,4,5,6,7,8,10,11,13,15 	5
1,2,4,5,6,7,8,10,11,13,14 	2
2,3,4,5,6,7,9,13 	1
4,5,11,13,16 	3
4,5,11,13,14 	7
4,5,11,13,15 	37
2,4,7,8,9,10 	3
2,4,5,7,8,10,11,12,13,14,15 	3
1,2,4,5,8,9,11,13,14,15 	11
2,5,6,13,15 	75
2,5,6,13,14 	5
2,6,12,13,14 	2
1,2,5,9,13,15,16 	27
2,6,12,13,15 	1
2,3,4,5,8,10,13,15 	59
3,4,5 	1931
1,2,3,5,6,13,15 	2
5,6,8,9,13 	2
2,4,11,13,14 	1341
3,4,9 	5280
1,2,4,5,6,7,9,10,11,13,16 	1
2,3,4,5,8,10,13,16 	2
2,4,11,13,15 	4
1,2,4,5,6,7,9,10,11,13,15 	3
1,2,3,5,6,13,16 	1
2,4,5,6,7,8,9,10,12,13,15 	38
2,3,5,8,10,12,13,15 	3
1,2,5,8,9,10,11,12,13,15 	2
2,4,6,10,13 	3
2,5,8,10,13,14,15,16 	2
1,2,4,6,13 	7
1,2,4,6,7,8,12,13,14 	2
1,2,5,6,8,10,12,13,15 	3
2,4,5,8,10,11,12,13,14,15 	15
1,2,5,7,9,15 	5
1,2,5,7,9,16 	1
2,4,5,6,7,8,12,13,15 	5
2,4,5,6,7,8,12,13,14 	6
1,2,5,7,9,13 	133
2,4,6,11,13,15 	2
1,2,5,7,9,10 	8
2,4,6,11,13,14 	45
2,4,5,6,8,10,11,13,14,15 	1
1,2,3,4,5,7,13 	8
1,2,4,8,10,13 	1
2,4,8,9,13,16 	1
2,6,7,8,10 	3
2,6,7,8,13 	20
2,4,8,9,13,14 	1
1,2,4,6,7,8,11,12,13,14 	6
1,4,5,9,13,15 	1
2,5,8,10,14,15 	1
1,2,5,7,8,10,12,13,14,15 	1
3,5,9,11,15 	2
2,3,5,7,8,13,14 	1
2,3,5,7,8,13,15 	9
2,7,11,13,15 	2
3,5,9,11,13 	3
2,7,11,13,14 	34
2,4,5,6,7,8,11,13,15 	3
2,4,5,6,7,8,11,13,14 	4
2,5,7,8,11,13,15,16 	1
2,3,4,5,8,10,13,14,15 	1
1,2,3,5,7,13,14 	3
1,2,4,7,10,13 	23
2,8,11,13,14,15 	1
2,9,12,13,15 	1
5,9,13,15,16 	6
2,4,7,8,9,10,13,14,15 	1
2,4,5,7,8,10,13,14 	17
2,4,5,7,8,10,13,15 	302
2,4,5,7,8,10,13,16 	14
2,4,5,7,8,9,10,11,13,14,15,16 	7
2,6,8,13,15 	2
2,4,5,8,11,12,13,16 	1
2,4,5,8,11,12,13,15 	13
2,4,5,8,11,12,13,14 	26
4,5,8,13,16 	2
2,6,8,13,14 	7
4,5,8,13,14 	11
4,5,8,13,15 	92
2,4,5,6,7,9,10,13,15,16 	1
1,5,11 	11
5,8,9,10,16 	1
2,5,6,8,9,12,13 	4
1,5,10 	3
1,5,15 	69
5,8,9,10,13 	41
1,5,16 	64
1,5,13 	553
2,5,7,13,16 	48
5,8,9,10,15 	4
2,4,6,7,8,11,12,13,14,15 	3
2,5,7,13,15 	557
2,5,7,13,14 	8
2,4,5,6,7,8,9,10,11,12,13,14,15 	3
2,4,6,7,11,13 	646
2,4,6,7,11,13,14 	428
3,5,10,13 	8
2,4,7,8,13,15 	12
2,4,7,8,13,14 	1283
2,5,8,9,11,13,15 	166
1,2,4,7,9,13 	5
2,5,8,9,11,13,16 	5
2,5,8,9,11,13,14 	16
1,2,5,8,11,13,15,16 	6
1,2,5,9,13,14,15,16 	1
2,4,6,7,12,13,14 	51
2,4,5,6,7,8,9,10,11,13,15,16 	7
1,2,5,6,8,10,11,13,15 	2
1,5,7,11,13 	1
2,3,4,5,7,8,10,11,13,14,15,16 	1
1,2,4,5,6,7,8,11,13,15 	1
1,2,6,7,9,12,13,15 	1
1,2,7,8,9,10,13 	2
3,4,5,9,15 	21
3,4,5,9,13 	46
1,5,8,11,13 	12
2,3,4,5,7,9,10,13,15,16 	2
3,5,10,16 	1
3,5,8,9,13,15 	2
4,5,12,13,15 	1
3,5,10,15 	1
2,6,7,9,10,13,15 	9
1,2,5,6,7,8,9,13,16 	1
1,2,5,6,7,8,9,13,15 	26
2,3,4,5,6,7,8,11,12,13,14,15 	1
2,6,7,13,15 	1
2,6,7,13,14 	1
1,2,3,4,5,12,13,14 	4
1,2,4,5,10,12,13 	1
2,3,4,5,7,13,15,16 	2
2,3,4,5,10,13 	210
2,4,5,8,11,13 	860
1,2,4,7,13,14 	1
2,5,7,8,12,13,15 	1
2,4,5,8,11,12 	1
2,4,5,8,11,15 	4
2,3,4,5,10,15 	1
1,2,4,10,13,15 	3
1,2,4,10,13,16 	2
2,4,5,9,15,16 	1
2,4,5,7,8,9,10,13,14,15,16 	1
4,5,10 	31
4,5,11 	374
2,3,5,10,11,13,16 	3
4,5,13 	9539
2,4,5,9,10,11,13,16 	4
4,5,14 	12
2,3,5,10,11,13,15 	20
4,5,15 	2306
2,4,5,9,10,11,13,14 	1
4,5,16 	216
2,4,5,9,10,11,13,15 	17
1,2,3,5,8,9,10,11,13 	1
2,6,11,13 	7
2,4,5,6,7,8,10,12,13,14,15 	1
1,2,7,10,13,15,16 	3
1,2,7,8,9,10,13,15,16 	1
2,4,7,9,10,11,13 	2
5,8,9,13,14 	3
1,2,4,5,7,8,9,10,11,12,13 	3
4,7,10,13 	2
1,2,4,5,6,9,10,11,13,15,16 	2
1,2,4,5,6,7,10,13,15,16 	2
5,8,9,13,15 	101
2,3,5,6,7,8,9,10,13 	2
1,2,5,8,10,12,13,15 	3
1,2,4,9,13 	2
2,5,6,7,8,10,12,13,15 	2
2,5,7,9,10,12,13 	13
2,4,6,8,13 	6149
2,4,6,8,12 	5
3,4,5,13,15,16 	9
4,5,7,10,13 	1
2,4,5,8,10,11,12,13,15 	7
2,4,5,8,10,11,12,13,14 	1
1,3,5,9,15 	3
1,2,10,11,13 	3
2,3,5,8,10 	9
2,3,5,8,11 	6
1,2,4,5,6,7,8,13 	5
2,5,14,15,16 	1
2,5,8,10,11,13 	386
2,5,8,10,11,15 	3
2,3,4,5,10,13,14,15 	2
1,8,10 	3
4,5,8,9 	54
1,8,15 	1
1,8,13 	16
2,3,4,5,7,10,11,13 	3
4,7,8,11,12,13,14 	3
1,2,3,5,8,9,10,13,15,16 	1
2,3,4,5,10,13,16 	8
2,3,4,5,10,13,15 	429
2,3,4,5,10,13,14 	1
1,2,4,5,8,9,10,11,13 	32
2,4,5,6,7,12,13 	1
2,6,8,11,12,13,14 	30
1,2,4,5,6,8,11,13 	1
2,4,6,7,8,12,13,14,16 	1
1,2,5,7,9,10,12,13,14,15,16 	1
2,4,6,7,8,12,13,14,15 	1
1,2,5,6,7,9,11,13 	5
1,2,5,8,9,10,16 	1
1,2,5,8,9,10,15 	2
1,2,5,8,9,10,13 	87
1,2,4,5,7,8,9,10,12,13,14,15 	2
2,5,7,9,10,13,15,16 	63
4,5,8,10,13,15 	1
2,4,5,8,13,14,15 	405
2,4,5,8,13,14,16 	2
2,3,4,5,7,8,10,11,12,13,14,15,16 	1
2,3,4,5,7,8,9,11,13,15 	2
2,3,4,5,8,9,10,12,13,15,16 	1
5,7,10,11,13 	1
1,7,8 	1
1,2,3,5,7,8,9,13,15 	1
2,4,5,6,7,8,11,12,13,14,15,16 	11
2,4,5,6,7,8,9,10,12,13,14,15 	3
2,5,7,10,16 	9
2,7,9,10,11,13 	11
1,2,3,5,7,8,9,13,16 	1
2,5,7,10,13 	1489
4,8,13,15 	11
1,2,4,8,11,12,13,14 	5
1,2,4,5,7,8,9,12,13 	1
2,5,7,10,12 	1
2,5,7,10,15 	119
1,2,4,5,6,8,10,11,13 	1
2,5,8,9,10,13,14,15 	10
4,8,13,14 	58
1,2,4,8,11,12,13,15 	1
2,5,6,8,10,12,13,15 	14
2,5,7,10,11 	4
2,4,6,7,11,12,13,14 	27
1,2,4,5,8,11,12,13,15 	1
2,5,7,11,13,15,16 	2
1,2,3,5,9,10,13,15 	7
8,9,10,13 	2
1,2,3,5,9,10,13,16 	1
1,5,6,13 	23
2,5,8,13,14,15,16 	1
1,5,6,15 	1
5,7,9,10,13 	9
5,7,9,10,15 	9
2,3,4,5,7,8,9,11,13,14 	1
6,12,13 	23
1,2,3,5,6,7,8,9,10,11,13,14,15,16 	1
1,2,4,5,6,8,10,11,13,15,16 	1
2,5,10,11,12,13 	1
2,5,6,7,9,12,15 	1
2,8,11,14 	4
2,8,11,13 	224
2,8,11,16 	1
2,8,11,15 	3
2,4,6,7,9,13 	1
2,3,4,8,10,13 	1
2,4,5,7,10,12,13 	1
5,6,7,10 	1
2,4,5,6,7,8,9,10,11,12,13,14,15,16 	1
1,2,5,6,7,15 	1
2,5,6,11,13,15 	1
1,2,4,5,8,13,15,16 	2
1,2,5,6,7,13 	50
5,6,7,13 	2
2,4,7,8,10,13 	66
1,2,4,7,8,13,14 	1
2,5,6,8,9,10,13,16 	1
2,4,7,8,10,14 	1
1,2,5,9,10,12,13,15,16 	2
8,12,13 	2626
8,12,14 	38
8,12,15 	1
1,2,3,4,5,8,9,11,13,14,15 	8
5,8,9 	4393
2,5,7,10,12,15 	1
1,2,5,8,9,10,13,15 	110
2,4,5,6,9,10 	1
1,2,5,8,9,10,13,16 	9
1,2,4,10,13 	6
2,5,6,8,9,10,13,15 	71
2,5,7,10,12,13 	2
1,2,5,8,9,10,13,14 	1
2,4,5,6,9,13 	164
6,14 	2
6,13 	6884
6,15 	5
1,2,4,5,6,8,9,10,13,15,16 	17
2,5,8,11,13,14,15 	92
2,4,8,14,15 	3
1,2,3,4,5,6,8,10,12,13,15,16 	1
6,10 	21
6,12 	65
2,3,5,6,8,9,13,15 	2
2,7,10,11,13,14 	1
2,5,15,16 	1954
2,7,10,11,13,15 	1
1,2,3,4,5,6,7,8,9,10,12,13,15,16 	1
1,2,3,4,5,7,9,11,13,15,16 	1
2,5,7,8,10,13,16 	20
1,2,4,5,7,10 	3
1,2,4,5,7,13 	20
2,10,11,13,15,16 	1
1,2,4,5,7,15 	1
2,5,7,8,10,13,14 	15
1,2,4,5,7,16 	1
2,5,7,8,10,13,15 	489
1,2,4,5,6,9,10,12,13,15 	3
2,8,11,12 	1
2,5,6,12,13,15 	5
2,3,4,5,8,9,10,11,13,14,15,16 	1
1,2,5,6,7,9,13,15,16 	6
1,2,6,9 	2
9,10,13,15 	1
2,4,6,8,10,12,13,14 	1
1,2,6,8 	1
1,2,4,5,6,8,9,10,13 	38
2,4,5,9,11,13,16 	1
2,4,5,9,11,13,15 	33
2,4,5,9,11,13,14 	1
2,3,5,8,13 	506
2,8,9,13 	1505
2,3,5,8,14 	3
1,2,5,7,8,9,12,13 	1
2,8,9,10 	37
2,3,5,8,15 	50
2,3,5,8,16 	16
2,8,9,11 	2
2,8,9,16 	2
2,5,6,7,8,10 	2
2,8,9,14 	15
2,8,9,15 	7
2,5,6,8,9,11,13,16 	1
2,5,6,8,9,11,13,15 	6
1,2,3,5,7,8,9,10,13,14,15,16 	1
1,2,8,10,13 	20
13,14,15 	7
2,5,6,7,8,13 	28
1,2,4,5,6,8,11,12,13,14 	5
1,2,4,5,6,8,11,12,13,15 	8
1,2,5,10,13,14,15 	1
4,7,8,12,13 	23
2,4,7,8,11,12,13 	1601
2,3,4,5,9,11,13,15,16 	2
1,2,5,7,9,11,13 	1
2,4,10,11,13,15 	1
2,4,10,11,13,16 	1
1,2,5,6,8,9 	3
2,3,5,10,13,16 	19
1,2,5,7,8,9,12,13,15 	1
1,2,5,6,8,9,11,13,14,15 	2
1,2,6,8,13 	5
1,2,5,9,10,11,13 	15
2,3,5,10,13,14 	1
2,3,5,10,13,15 	586
2,5,8,9,11,13 	258
1,2,5,7,9,10,13,15,16 	63
1,2,4,8,13,14 	8
1,2,12,13 	1
1,2,4,5,7,8,9,10,13,14 	5
2,4,5,7,10,13,15,16 	38
1,2,4,5,7,8,9,10,13,15 	181
2,7,8,9,10,11,13 	1
1,2,4,5,7,8,9,10,13,16 	20
2,5,8,9,11,15 	3
4,5,7,9,13,15 	9
2,3,5,11,13,14 	1
2,4,5,6,8,9,12,13,15 	11
1,3,5,13,16 	7
4,11,12,13 	17
1,2,4,5,7,9,10,13,14,15,16 	9
8,9 	1213
2,3,5,11,13,16 	272
1,3,5,13,15 	36
2,3,5,11,13,15 	1194
1,2,4,5,7,8,9,12,13,15 	2
1,2,4,7,9,13,15,16 	1
1,2,4,5,6,9,13 	146
2,4,5,7,8,9,12,13,15,16 	1
2,3,4,5,6,8,10,11,13,15 	3
1,2,4,5,6,7,8,9,13,14,15,16 	1
2,5,8,9,12,13,15,16 	1
1,2,5,6,8,9,11,12,13 	2
1,2,4,5,6,9,16 	1
1,2,4,5,8,9,13,15 	41
1,2,4,5,6,7,8,9,11,13,15 	4
2,3,5,7,8 	1
2,3,5,7,9 	1
1,2,4,5,8,9,13,16 	1
1,2,4,5,7,8,9,11,13,15 	7
1,2,4,5,7,8,9,11,13,16 	1
1,2,3,4,5,6,8,9,10,13,15 	6
1,2,3,4,5,6,8,9,10,13,14 	1
1,2,4,5,7,8,9,11,13,14 	2
2,7,8,11,12,13 	2
1,2,4,5,7,9,10,11,12,13,15,16 	1
1,2,5,6,7,8,13 	6
1,2,4,5,8,10,13,14,15 	6
1,2,5,11,15,16 	2
1,2,4,6,8,11,12,13 	2
1,2,5,6,8,12,13,14 	1
1,2,5,6,8,12,13,15 	3
1,2,5,6,7,9,11,13,15,16 	1
1,2,4,5,7,8,9,10,11,13,15,16 	73
2,3,4,5,6,8,10,12,13,15 	1
1,2,9,10,11 	1
1,2,9,10,13 	51
2,4,7,8,11,13,15 	9
2,4,7,8,11,13,14 	1112
1,2,4,5,6,7,8,9,10,13,16 	7
1,2,3,4,5,6,7,8,9,10,11,13,14 	1
1,2,3,4,5,7,9,10,13,15,16 	6
1,2,4,5,6,7,8,9,10,13,14 	4
1,2,4,5,6,7,8,9,10,13,15 	128
2,4,8,13,14,15 	43
2,4,7,8,9,13,15 	1
1,2,4,5,7,10,12,13 	1
1,2,4,5,7,8,10,11,12,13,14,15 	2
1,2,3,5,8,11,13,15 	11
1,2,4,5,6,7,8,11,12,13,15 	23
1,2,4,5,6,7,8,11,12,13,14 	227
2,5,8,10,13,14,15 	17
2,4,9,10,15 	1
2,4,12,13,14,16 	1
2,4,12,13,14,15 	3
2,4,9,10,13 	90
1,2,7,10,11,13 	3
1,2,5,8,9,11,13,15,16 	5
2,5,8,10,13,14,16 	1
2,4,5,9,11,13,14,15 	1
2,4,7,8,9,13,14 	1
2,3,5,8,9,13,14,15 	2
1,2,5,8,9,13,14,15,16 	1
5,13,16 	1964
2,5,9,12,13,16 	1
1,2,4,6,7,8,13,14,15 	1
1,2,3,4,5,6,7,8,9,10,11,13,15 	4
2,4,8,9,10,13 	9
1,2,3,4,5,6,7,8,9,10,11,13,16 	1
2,3,4,5,8,9,10,13 	8
2,5,9,12,13,14 	1
2,5,9,12,13,15 	21
5,13,15 	76106
5,13,14 	324
4,5,7,15,16 	3
2,5,12,15 	11
2,5,12,16 	4
2,5,12,13 	217
1,2,6,7,9,13 	1
7,10,15 	12
7,10,16 	1
1,2,4,5,6,9,10,13,16 	4
1,2,4,5,6,9,10,13,15 	17
1,2,4,5,6,9,10,13,14 	2
7,10,13 	90
2,6,8,9 	2
3,4,5,11,13,15 	7
2,4,7,8,9,10,12,13 	1
3,4,5,11,13,16 	2
3,4,5,8,10 	1
3,4,5,8,13 	10
2,4,5,8,9,12,13 	4
1,2,4,5,6,8,9,11,12,13,14,15,16 	1
4,6,8,12,13,14 	10
1,2,5,7,8,9,10,12,13,15,16 	1
1,2,3,4,5,7,8,10,11,13,14,15 	3
1,2,4,5,6,7,8,9,10,12,13,14,15 	1
1,7,9,13,15 	3
1,2,4,5,6,8,9,11,13,15 	8
1,2,5,6,7,9 	1
1,2,4,10,11,13,16 	1
4,5,7,13,14,15 	1
1,2,4,7,9,10,11,13,15 	1
1,5,7,10,13 	1
2,4,7,8,10,13,15,16 	1
2,4,5,6,9,11,13,15,16 	4
4,6,13,14 	3
1,2,3,4,5,8,9,13,14,15 	1
1,2,5,6,7,8,9,10,11,13,16 	1
1,2,5,6,7,8,9,10,11,13,15 	10
4,7,8 	64
1,2,5,10,11,12,13,16 	1
4,7,9 	8
2,5,6,7,8,9 	2
2,3,4,5,6,8,9,11,13,15,16 	2
2,4,5,6,8,9,13,14,15 	2
2,7,11,12,13,14 	1
1,2,3,4,5,8,9,10,13,15,16 	6
1,2,4,5,7,8,10,12,13,14,15,16 	1
1,2,5,7,10,13,14,15,16 	2
1,2,3,5,7,8,9,10,11,13,15,16 	2
1,2,15,16 	1
2,4,5,8,10,13,15,16 	39
2,3,5,7,8,9,13,15 	7
2,4,5,7,9,10,13,14,15 	3
1,2,4,5,7,10,11,13,14,15 	1
1,2,3,4,5,7,8,11,13 	1
4,5,9,12,13,15 	1
5,8,12,13,15 	2
1,2,6,8,10,13 	2
2,5,13,14,15,16 	2
5,8,12,13,14 	1
1,2,3,4,5,7,9,10,11,13,15,16 	11
1,2,3,4,5,9,11,13,14,15 	2
1,2,3,5,6,8,9,10,11,13,15,16 	1
2,3,5,9,13,15,16 	67
1,2,4,7,8,9,10,11,12,13,15 	1
1,2,3,4,5,8,10,13,15,16 	4
1,2,7,8,11,13 	1
4,5,8,10,12,13,15 	1
1,2,3,4,5,9,11,15 	1
2,5,6,7,9,10,13,14,16 	1
1,2,5,9,10,13,16 	27
1,2,5,9,10,13,15 	180
1,2,4,5,7,10,13,14,15 	3
2,4,7,13,16 	5
2,5,7,8,9 	67
1,2,3,4,5,6,7,8,9,10,11,13 	1
2,4,7,13,14 	20131
2,5,6,8,9,10,11,13 	10
2,4,7,13,15 	23
1,2,4,5,7,10,13,14,16 	1
2,4,5,8,9,11,13,15,16 	10
2,4,5,7,10,11,13,15,16 	3
2,4,5,10,12,13,14,15 	2
2,3,5,6,7,8,10,13,15 	1
2,5,6,7,8,9,11,13,16 	1
2,5,6,7,8,9,11,13,15 	4
1,2,5,9,10 	15
2,4,5,6,9,10,11,13 	4
2,5,8,11,14,15 	1
2,4,8,11,13,15 	7
1,4,13 	36
4,11,13 	38
2,4,5,7,8,12,13,14,16 	1
2,4,5,7,8,12,13,14,15 	1
1,4,15 	1
4,11,15 	1
4,11,16 	2
2,4,8,11,13,14 	168
2,11,12,13 	14
2,4,5,8,9,10,13,14,15,16 	5
5,9,10,13 	96
1,2,4,5,8,10,11,12,13,14,15 	2
5,9,10,15 	57
5,9,10,16 	2
1,2,3,5,8,9,11,13,14,16 	1
1,2,3,5,8,9,11,13,14,15 	1
1,2,5,9,16 	4
2,3,5,6,10,13 	1
1,2,5,9,15 	30
2,3,11,13 	13
1,2,5,9,13 	1088
2,4,6,7,8,13,14 	91
2,3,4,5,6,8,10,13,15 	2
1,2,3,5,8,10,13,15,16 	1
5,10,12,13 	1
2,3,5,6,8,9,11,13,15,16 	1
2,3,4,5,8,9,10,11,13 	11
2,4,10,16 	1
1,2,5,10,11,13,15,16 	2
5,8,11,13 	641
5,8,11,14 	1
5,8,11,15 	14
1,2,5,6,9,11,13,15,16 	6
1,2,4,7,8,13 	2
1,2,5,6,10,13,15,16 	1
2,10,13,16 	140
2,10,13,15 	1502
3,5,7 	27
2,4,6,7,10,13,16 	1
2,10,13,14 	15
1,2,5,9,11,13 	28
2,4,10,11 	2
3,5,9 	19143
4,5,6,13,14 	1
3,5,8 	200
2,3,4,5,7,8,9,13 	1
2,4,10,15 	22
2,4,10,13 	519
2,4,10,12 	2
2,3,5,8,10,11,13,15,16 	1
1,2,4,5,7,9,10,12,13,15,16 	7
1,2,5,9,11,16 	1
1,2,5,9,11,15 	1
2,4,5,7,8,11,13,16 	1
2,4,5,7,8,11,13,15 	13
2,4,5,7,8,11,13,14 	5
3,5,8,13,15 	18
3,5,8,13,16 	2
2,3,5,7,9,13,15 	5
1,2,4,5,6,7,8,11,12,13,15,16 	15
2,3,4,5,11,15,16 	5
2,4,8,10,13,14,15 	1
2,3,5,6,8,10,13,15 	3
2,4,5,6,10,12,13,15 	2
2,7,9,10,13,15 	126
2,7,9,10,13,16 	11
1,2,4,6,10,13 	2
1,2,4,5,6,7,8,13,15 	2
3,4,5,8,15 	1
2,3,5,6,8,13,15 	2
2,5,8,9,11,13,14,15 	14
3,5,8,9,15 	2
3,5,8,9,13 	5
2,5,7,9,13,16 	43
2,5,7,9,13,14 	11
1,2,4,5,6,8,12,13,14 	1
2,5,7,9,13,15 	582
1,2,4,5,6,8,12,13,15 	2
1,2,4,5,8,13,14 	5
1,2,4,5,8,13,15 	46
5,9,10,11,13,15 	2
1,2,4,5,10,13,15 	71
1,2,5,7,10,12,13 	1
3,5,8,9,10 	1
2,5,6,12,13 	12
1,2,4,5,10,13,16 	1
2,5,9,11,13 	222
6,7,10 	2
3,4,11,13 	1
4,5,8,14,15 	1
2,5,9,11,15 	7
6,7,13 	4
1,2,4,5,6,7,8,10,13,15 	13
2,3,4,5,9,10,11,13 	2
1,3,5,8,13 	4
2,3,4,5,12,13,14,16 	4
1,2,4,6,8,11,12,13,14,15 	2
1,2,4,12,13,15 	1
2,3,4,5,8,10,11,12,13,14,15 	1
2,4,6,11,12,13 	47
2,5,6,8,9,11,13 	13
2,5,6,9,12,13 	1
5,7,13,14 	43
5,7,13,16 	7
5,7,13,15 	210
1,2,4,12,13,14 	1
3,4,13 	165
1,2,3,5,8,9,10,13,15 	18
1,2,3,5,8,9,10,13,16 	1
1,2,3,5,9,11,13 	1
2,4,5,7,9,11,13 	5
1,2,5,7,8,13,15,16 	1
3,4,15 	38
2,4,9,10,12,13 	2
2,3,4,5,6,10,13 	1
2,5,8,11,12,13,14 	3
1,2,4,5,6,8,9,10,11,12,13,14,15,16 	1
2,5,8,11,12,13,15 	4
2,4,5,7,9,10 	14
2,5,8,9,10,11 	2
2,4,5,7,9,11 	1
2,5,8,9,10,13 	1186
2,4,5,7,9,13 	196
1,2,3,4,5,6,8,9,13,15 	1
2,4,5,7,9,14 	2
2,4,5,7,9,15 	16
1,2,3,4,5,9,13 	2
2,7,9,10,12,13,15 	1
2,4,7,9,10,12,13 	5
2,5,8,9,10,15 	52
2,6,7,10 	8
2,6,7,13 	40
1,2,4,7,9,10,13 	4
1,2,4,7,10,11,13,15,16 	1
2,4,5,7,8,9,11,13,14,15,16 	1
4,8,12,13,14 	107
1,3,5,10,13 	1
4,8,12,13,15 	8
8,11,12,13 	13
3,16 	5414
3,15 	842
3,14 	1
3,13 	8068
3,11 	86
3,10 	15
2,5,8,13,15,16 	66
1,2,4,5,7,9 	3
2,4,5,6,7,8,10,11,12,13,14,15 	83
3,4,9,13 	38
2,4,6,8,11,12,13 	366
5,7,13,15,16 	3
3,4,9,15 	17
2,5,6,7,9,11,13,15,16 	3
4,8,12,13,16 	2
2,4,5,10,13,15 	742
2,5,8,9,10,11,13,14,15,16 	1
2,4,5,10,13,16 	33
2,4,5,10,13,14 	5
1,2,3,5,16 	13
5,9,13,14 	22
1,2,4,7,8,9,10,13 	1
1,2,3,5,15 	37
5,9,13,16 	50
5,9,13,15 	5620
1,5,6,9,13,15 	3
1,5,6,9,13,14 	1
2,3,5,8,10,11,13 	15
1,2,3,5,11,13 	11
4,5,7,8 	33
1,2,3,5,13 	148
4,5,7,9 	12
5,7,9,11,13 	1
2,4,5,6,7,8,13 	22
1,2,3,5,11,15 	1
1,2,3,5,10 	1
2,5,6,9,13,14,15,16 	6
4,5,10,11,13,15 	1
12,13,14 	39
12,13,15 	6
2,4,13,15,16 	10
1,2,4,5,6,8,10,13,15,16 	1
12,13,16 	1
2,3,4,5,7,9,10,13,14,15 	1
2,5,7,10,15,16 	3
1,2,6,8,11,12,13 	2
2,3,4,5,13,15,16 	559
2,3,4,5,8,10,11,13 	13
1,2,4,5,9,10,13,16 	7
1,2,4,5,9,10,13,15 	76
2,3,4,5,11,13,14,15 	1
2,7,9,15 	81
2,9,14 	10
2,9,15 	1116
2,7,9,16 	28
2,7,9,13 	2920
2,4,5,6,8,9,10,12,13,15 	88
1,2,5,7,9,10,11,13,14,15 	1
2,9,16 	250
2,7,9,14 	4
5,10,15,16 	1
2,7,9,11 	4
2,7,9,12 	21
2,9,10,11,13 	20
2,7,9,10 	541
1,7,13 	47
2,7,8,12,13,14 	6
1,2,4,5,6,8,13 	6
2,9,10 	3471
2,9,11 	23
2,9,12 	79
1,4,5,7,13 	2
2,9,13 	34239
1,2,5,10,13,15,16 	56
2,4,6,8,13,15 	27
2,4,6,8,13,14 	766
2,4,5,6,7,8,10,13,14 	1
2,4,5,6,7,8,10,13,15 	17
2,4,5,6,7,8,10,13,16 	1
1,2,4,5,6,7,8,10,13 	4
4,6,12 	1
1,4,5,6,9,13 	2
1,2,3,5,8,13,16 	1
4,6,13 	9
1,2,3,5,8,13,15 	14
2,4,5,7,9,10,11,13,15,16 	6
2,5,10,11,13,16 	12
1,2,5,6,9,13,14 	23
1,2,5,6,9,13,15 	302
2,5,10,11,13,15 	128
1,2,5,6,9,13,16 	81
2,5,10,11,13,14 	3
1,2,4,6,8,11,13 	4
1,2,3,4,5,7,8,9,10,11,13 	4
1,2,5,7,8,9,13,14,15 	2
2,5,7,8,11,13 	96
1,2,4,5,7,8,9,13,14 	2
1,2,4,5,7,8,9,13,15 	22
2,4,5,7,8,9,10,12,13,14,15 	1
1,2,4,5,7,8,9,13,16 	2
2,3,5,6,9,10,13,15 	2
2,5,7,8,10,12,13,15 	8
5,7,9,13,15,16 	1
2,3,4,5,11,13 	662
2,3,4,5,11,16 	5
2,3,4,5,11,15 	13
2,4,5,8,9,12,13,14 	2
2,4,5,8,9,12,13,15 	39
2,5,7,9,10,13,15 	577
2,5,7,9,10,13,16 	35
2,5,7,9,10,13,14 	6
2,4,5,12,13,14 	8
1,2,3,4,5,7,9,10,11,13 	1
2,4,5,12,13,15 	26
2,3,4,5,9,11,13,15 	14
3,5,9,11,13,15 	2
2,3,5,6,9,13 	8
2,4,5,6,7,9,11,13,15 	4
1,2,4,5,8,10,13 	40
2,6,10,13 	265
1,2,3,4,5,8,9,10,13,14,15,16 	2
2,5,6,7,9,10,11,13,14,15,16 	1
1,2,3,4,5,9,10,11,13,15 	3
1,2,5,8,9,10 	4
1,2,5,8,9,13 	215
1,2,5,8,9,15 	3
1,2,3,4,5,6,8,9,10,11,13,15 	10
1,2,3,4,5,7,10,11,13,15 	1
2,4,6,7,8,13 	884
1,2,4,5,7,8,9,10,13,14,15,16 	10
1,2,4,5,6,8,12,13 	4
2,3,5,6,7,8,9,10,13,15 	1
1,2,5,6,7,13,16 	1
1,2,5,6,7,13,15 	4
1,2,3,4,5,7,8,10,11,13,14 	1
1,2,3,4,5,7,8,10,11,13,15 	11
2,4,5,7,8,9,13,15 	105
2,4,5,7,9,10,12,13 	7
2,4,5,7,8,9,13,14 	2
2,4,5,7,8,9,13,16 	6
2,7,12,15 	2
1,2,5,7,9,13,15,16 	25
2,5,7,8,10,12,15 	1
1,2,4,5,10,11,13,15 	6
1,2,5,8,13,15 	151
2,3,4,5,6,8,9,11,13,15 	1
1,2,4,5,10,11,13,16 	2
2,5,10,12,13 	21
1,2,5,8,13,16 	4
2,5,7,8,10,12,13 	4
2,5,10,12,14 	1
2,3,5,6,7,8,9,10,13,15,16 	2
1,2,5,8,13,14 	4
2,5,10,12,15 	3
2,3,4,5,6,7,8,10,13 	1
1,2,5,8,9,10,13,15,16 	21
2,4,5,6,7,8,9,13 	22
1,2,3,4,5,8,13,15,16 	1
4,8,12,13,14,15 	1
2,4,5,6,7,8,10,11,13,15 	1
2,3,4,5,7,8,9,13,15 	7
3,5,10,13,15 	2
13,15 	183202
13,16 	925
13,14 	13430
1,5,11,13 	36
2,4,7,8,10,11,13 	1
2,4,7,8,10,11,14 	1
2,4,5,6,8,9,13,15 	45
2,4,7,8,9,10,14 	1
2,4,5,6,8,9,13,16 	2
2,4,7,8,9,10,13 	25
1,2,3,4,5,7,12,13,14 	1
1,2,5,7 	30
1,2,5,6 	39
2,3,4,5,6,8,13,14 	1
2,3,4,5,8,10,11,13,14,15 	3
1,2,5,9 	277
1,2,5,6,9,10,12,13,16 	1
1,2,5,8 	63
1,2,3,4,5,13,14,16 	181
2,7,12,13 	30
1,2,3,4,5,13,14,15 	3
2,4,5,7,8,9,10,13,14 	5
2,4,5,7,8,9,10,13,16 	17
2,4,5,7,8,9,10,13,15 	311
2,3,5,7,8,9,10,13,15 	15
2,3,4,5,8,9,11,13,15,16 	3
2,6,8,10,13 	7
2,6,8,10,15 	1
1,2,7,11 	1
1,2,7,10 	32
1,2,5,6,8,11,13 	3
1,2,7,16 	4
1,2,7,15 	2
2,4,9,13,15 	9
1,2,7,13 	104
2,4,9,13,14 	1
1,2,5,10,12,13,15 	3
1,2,5,6,7,9,10,13 	13
7,10,13,15 	9
1,2,4,5,7,8,9,10,12,13 	2
2,8,13,14,15 	69
2,4,5,7,8,9,13,15,16 	6
1,2,5,9,10,11,13,14 	1
1,2,3,5,7,8,10,11,13,15,16 	3
7,13,16 	6
7,13,14 	32
7,13,15 	189
2,4,5,6,7,8,9,10,12,13,15,16 	4
1,2,4,5,6,9,10,13 	14
13,15,16 	5
1,2,5,9,10,11,13,15 	19
4,6,8,11,12,13,14 	1
1,2,5,9,10,11,13,16 	2
1,2,5,7,8,9,10,12,13 	1
1,2,4,5,6,8,9,10,11,13 	7
2,4,5,8,15 	66
2,4,5,8,14 	19
1,2,5,8,10,13,14,15 	3
2,4,5,8,16 	2
1,2,5,8,10,13,16 	10
1,2,5,8,10,13,14 	2
1,2,5,8,10,13,15 	145
2,5,6,8,13,15,16 	2
8,9,13,14 	1
1,2,5,9,10,11,13,14,15,16 	1
1,4,13,14 	1
1,5,13,15,16 	5
2,4,5,7,8,9,12,13,15 	3
5,7,9,11 	1
2,4,5,9,13,14,15 	17
5,7,9,10 	29
1,2,5,7,10,11,13,15,16 	1
2,7,8,9,12,13 	2
2,7,9,10,11,13,15,16 	1
2,4,5,8,10,12,13,15 	84
2,4,5,8,10,12,13,14 	2
2,3,4,5,8,15,16 	2
1,2,3,5,6,7,8,9,10,13,15,16 	1
2,7,8,10,13,16 	2
2,7,8,10,13,15 	17
2,7,8,10,13,14 	5
2,4,6,8,13,14,15 	7
1,2,3,5,6,8,9,10,11,13,15 	3
5,7,9,13 	104
2,4,5,9,13,14,16 	1
5,7,9,15 	73
2,5,8,9,10,11,13,14 	4
2,5,8,9,10,11,13,15 	76
5,7,9,16 	4
4,5,7,11,13,14 	1
2,5,8,9,10,11,13,16 	6
2,4,5,8,11 	28
2,4,5,8,10 	44
2,4,5,8,13 	7388
2,4,5,8,12 	1
1,2,3,4,5,7,10,13 	2
1,2,5,6,8,9,11,13 	11
2,3,4,5,7,8,11,13,15 	1
2,3,4,5,9,13,15,16 	6
1,10,13,16 	1
2,4,5,6,7,8,9,11,12,13,14,15 	2
1,2,4,5,8,9,10,11,13,15,16 	37
1,2,5,7,9,10,13,14,15 	1
2,5,7,8,9,10,13,14,15,16 	1
1,2,5,7,9,10,13,14,16 	1
1,2,5,8,12,13,15 	3
1,2,4,5,6,7,8,9,10,11,13,14,15 	9
1,2,4,5,9,10,11,13,14,15,16 	1
2,3,7,8,13 	2
1,2,3,4,5,6,7,8,9,10,11,12,13,14,15 	1
1,2,5,8,9,13,16 	5
2,3,5,6,7,8,13,15 	1
2,3,5,9,10 	12
1,7,11,13 	1
2,3,5,9,11 	2
1,2,5,8,9,13,14 	1
2,3,5,9,13 	686
1,2,5,8,9,13,15 	112
2,3,5,9,15 	485
1,2,3,4,5,6,7,8,9,10,13,14,15 	1
2,3,5,9,16 	39
2,8,12,13,14,15 	1
2,5,8,11,13,15,16 	11
1,2,5,8,9,10,12,13,15,16 	2
1,2,5,7,8,9,10,13,14,15,16 	4
2,4,5,7,9,12,13,15,16 	1
2,3,5,7,9,10,11,13,15,16 	1
1,2,5,6,8,10 	1
1,2,3,5,7,8,9,10,13 	3
2,5,6,9,10,11,13,15 	6
2,5,6,9,10,11,13,16 	1
2,3,4,5,6,8,9,10,13,15,16 	1
1,2,5,6,8,15 	1
2,3,10,11,13 	1
1,2,5,6,8,13 	39
1,2,5,7,9,10,15 	1
2,5,6,7,8 	2
2,5,6,7,9 	1
1,2,5,7,9,10,13 	98
1,3,5,15,16 	8
2,3,5,11,13,14,15 	2
2,3,4,9,15 	2
2,3,4,9,13 	12
2,4,5,6,9,10,11,13,15,16 	1
2,3,5,10,13 	780
2,3,5,10,15 	18
1,2,4,8,12,13 	26
2,5,6,7,8,9,11,13,15,16 	2
1,2,5,7,11,13 	4
1,2,5,8,9,10,11,13,15,16 	12
3,4,5,7,11,13,15 	1
2,4,5,6,7,8,9,10,13,15,16 	17
4,6,7,13 	1
1,2,5,12,13 	1
2,3,5,6,8,9,13 	1
2,3,4,5,7,10,11,13,15 	1
2,5,6,7,9,10 	1
2,4,5,13,16 	293
1,2,4,5,6,7,9,10,13,16 	1
2,5,7,9,10,12,13,14,15 	1
2,4,5,13,14 	758
11,15,16 	1
2,4,5,13,15 	3660
2,3,4,5,6,8,9,11,12,13,14,15 	1
1,2,4,13 	88
1,2,4,5,6,7,9,10,13,15 	12
1,2,4,10 	14
1,2,4,11 	1
1,2,4,15 	1
2,5,6,7,9,13 	150
1,2,5,9,12,13,15 	3
1,2,4,5,7,8,9,10,13,14,15 	11
1,2,4,5,7,8,9,10,13,14,16 	2
1,2,5,7,8,9,10,11,13,15 	25
1,2,5,7,8,9,10,11,13,16 	3
2,5,6,9,16 	1
2,5,6,9,15 	1
2,5,6,7,8,9,10,13 	26
2,5,7,10,13,15,16 	43
3,15,16 	17
2,5,6,9,14 	1
2,5,6,9,13 	1456
1,2,5,8,10,11,13,15,16 	8
2,5,6,9,11 	1
2,9,10,12,13,15 	5
2,5,6,9,10 	5
1,2,3,5,6,7,8,9,13,15 	2
2,4,8,10,12,13 	2
2,4,5,8,9,10,13,15,16 	74
2,6,10,12,13 	1
2,3,5,7,9,10,13 	2
1,2,4,5,6,9,13,15,16 	7
2,4,8,9,10,13,15 	1
3,5,6,13 	1
2,3,4,5,10,11,13,15,16 	42
2,4,7,10,13,15,16 	1
1,2,5,12,13,15 	1
1,2,3,5,8,10,13 	2
1,2,3,5,8,10,11 	1
2,3,4,5,7,8,10,11,13,15,16 	1
2,3,5,13,14,15 	8
2,3,5,13,14,16 	644
2,4,8,11,13,14,15 	4
5,8,14,15 	3
1,2,3,4,5,9,11,13,15 	6
1,2,4,5,7,9,10,11,13,14,15,16 	3
1,2,5,8,9,10,12,13,15 	1
1,2,4,5,11,13 	13
2,4,7,8,11,13 	14319
1,8,9,13 	1
2,3,5,8,12,13 	3
2,4,5,8,11,13,15,16 	3
5,8,11,13,14,15 	1
1,2,3,5,6,8,9,10,11,13 	1
5,7,10,13 	41
2,3,5,10 	115
1,2,4,5,9,10,13,15,16 	14
2,3,5,11 	352
1,2,5,6,10,11,13,15 	1
2,3,5,13 	68563
2,3,4,5,6,8,9,10,12,13,15 	4
2,6,7,8,12,13 	1
2,3,5,14 	3
2,3,5,15 	44575
1,2,7,13,15,16 	1
5,7,10,15 	15
2,3,5,16 	5875
1,2,5,7,9,10,12,13,16 	3
1,2,5,7,9,10,12,13,15 	12
1,2,5,6,9,10,13,16 	10
1,2,5,6,9,10,13,15 	45
2,5,7,8,9,10,12,13 	5
1,2,5,6,9,10,13,14 	3
1,2,3,4,5,6,7,8,10,11,13 	1
1,2,3,4,5,7,13,14 	113
2,4,5,6,8,9,10,12,13,14,15 	4
5,6,9,13,15 	4
2,4,5,8,9,10,11,12,13,15,16 	1
2,5,6,7,9,10,13,14,15,16 	1
4,8,9 	2
9,10,13 	10
1,2,4,5,6,8,9,12,13 	1
9,10,15 	1
2,4,5,6,7,8,9,10,11,12,13,15 	5
2,4,5,6,7,8,9,13,16 	1
2,4,5,6,7,8,9,13,15 	23
2,4,5,6,7,8,9,13,14 	2
1,2,4,5,6,7,8,9,13,15,16 	2
7,9,13,15 	28
4,5,8,9,13 	24
4,5,8,9,15 	6
1,2,3,4,5,6,8,9,10,11,13,14,15 	4
1,2,3,4,5,6,7,8,9,10,11,13,15,16 	5
1,2,4,5,7,9,10,11,13,15,16 	11
2,4,5,15 	846
4,5,8,11,16 	1
2,4,5,14 	16
1,2,5,6,8,9,10,11,13,15,16 	1
2,4,5,16 	77
2,5,6,7,10,13 	4
2,4,5,11 	154
1,2,5,6,7,10,11,13,16 	1
2,4,5,10 	269
4,5,8,11,13 	52
2,4,5,13 	20292
2,4,5,12 	3
2,5,8,9,13,15 	1803
2,5,8,9,13,16 	55
2,5,8,9,13,14 	93
1,2,3,4,5,6,7,8,9,13,15 	2
2,5,6,8,9,13,15,16 	6
1,2,4,5,8,10,11,12,13,14,15,16 	1
2,7,8,9,10,13,15 	2
2,3,5,8,9,13,15 	94
2,3,5,8,9,13,14 	2
1,2,4,5,6,7,8,9,10,11,13,15 	35
1,2,4,5,6,7,8,9,10,11,13,14 	2
1,2,4,5,8,11,13,14,15 	25
1,2,5,6,9,13,14,15 	11
1,2,4,5,6,7,8,9,10,11,13,16 	3
1,2,5,6,9,13,14,16 	8
5,10,13 	945
5,10,15 	270
5,10,16 	3
1,2,4,5,6,8,10,13,15 	4
2,5,8,12,13,14 	9
2,5,8,12,13,15 	180
1,2,3,4,5,8,9,10,11,13,15 	80
1,2,3,4,5,11,13 	7
5,10,11 	27
2,4,5,6,8,10,13,16 	3
2,4,5,6,8,10,13,15 	53
2,4,5,6,8,10,13,14 	1
2,4,5,6,7,8,10,11,12,13,14,15,16 	2
2,5,8,9,10,11,15 	2
2,5,7,9,12,13,15 	11
1,2,3,4,5,7,8,9,11,13 	1
2,5,8,9,10,11,13 	75
2,7,8,10,13,15,16 	1
2,5,7,9,12,13,16 	3
1,2,5,6,8,9,10,12,13,15 	4
2,5,6,8,10,11,13 	4
2,5,6,7,8,10,13,15,16 	1
2,4,5,6,7,9,10,12,13,15 	6
2,4,5,6,8,9,10,13,15,16 	10
1,2,3,5,8,9,10,11,13,15,16 	2
1,2,5,7,9,10,12,13,15,16 	7
2,4,11,13,14,15 	1
4,5,7,8,9 	3
1,2,3,4,5,6,8,9,10,11,12,13,14,15 	2
2,5,8,10,12,13,15 	36
1,2,3,5,8,9,10,13,14,15,16 	1
1,2,4,8,11,13,14 	3
2,4,5,7,8,13,14 	13
2,5,8,9,10,11,13,14,15 	4
2,4,5,7,8,13,16 	2
2,4,5,7,8,13,15 	172
1,2,4,5,8,9,10,13,15 	87
4,5,9,10,13,15 	3
1,2,4,5,8,9,10,13,16 	8
1,2,4,5,6,8,10,12,13,15 	6
1,2,4,5,8,9,10,13,14 	1
1,2,3,4,5,8,11,13,15,16 	1
2,5,7,11,15 	1
2,3,4,5,9,10,13,14,15 	1
2,5,7,11,13 	48
1,2 	1664
1,3 	6
1,4 	61
1,5 	1316
1,6 	98
1,7 	38
1,8 	74
1,9 	27
2,3,5,7,8,10,11,13 	5
2,4,5,8,13,14,15,16 	3
2,4,5,8,9,13,14,16 	2
2,4,5,8,9,13,14,15 	34
2,3,5,7,8,9,10,13 	4
2,9,13,15,16 	13
1,2,4,5,7,10,12,13,15 	3
2,3,5,8,9,12,13,15 	1
1,2,3,5,7,8,9,10,11,13,14,15,16 	1
4,7,12,13 	3
2,7,8,9,10 	18
4,6,8,11,12,13 	2
4,8,11,12 	2
4,8,11,13 	22
2,3,4,5,7,8,9,10,11,13,15 	14
2,3,4,5,10,11,13,15 	46
2,3,4,5,10,11,13,16 	8
2,7,8,9,13 	61
2,3,4,5,8,9,10,13,15,16 	12
2,7,8,9,14 	1
3,6,9 	1
2,5,7,9,13,14,16 	1
2,5,7,9,13,14,15 	6
2,3,4,5,8,10,13 	27
1,2,4,5,6,8,9,10,11,13,14 	1
1,2,4,5,6,8,9,10,11,13,16 	2
1,2,4,5,6,8,9,10,11,13,15 	24
4,5,8,9,11,13 	3
1,2,3,5,7,11,13 	1
1,2,4,5,6,8,9,10,11,12,13,14,15 	2
2,3,5,7,8,9,10,11,13,16 	1
2,3,5,7,8,9,10,11,13,15 	3
2,4,5,9,10,13,14,15 	7
2,4,5,6,8,10,13 	22
2,5,8,12,13 	274
2,5,8,12,15 	2
1,2,4,5,6,8,10,11,12,13,15 	1
2,12,13,16 	2
4,5,8,13,14,15 	2
2,12,13,15 	19
2,12,13,14 	180
2,7,9,12,13,15 	3
2,4,5,8,11,13,16 	3
2,4,5,6,8,13,14,15 	3
2,5,6,7,8,10,13 	9
2,3,5,9,10,11,13,15,16 	1
1,2,5,6,7,8,9,10,13,15 	39
1,2,5,6,7,8,9,10,13,16 	3
2,11,15 	9
2,4,5,6,7,9,10,11,13 	2
2,11,16 	14
2,11,13 	2369
2,11,14 	19
1,2,5,11,13,15,16 	2
2,3,4,5,8,9,10,11,12,13,15,16 	2
2,4,5,8,11,13,15 	429
2,4,5,13,15,16 	150
2,4,5,8,11,13,14 	487
8,10,13,15 	9
1,2,5,8,10,13 	170
2,4,5,6,10,13 	15
2,4,5,7,8,9,11,13,14,15 	4
1,2,5,8,10,15 	2
2,5,7,8,9,12,13 	1
1,2,5,8,10,16 	1
1,2,4,5,6,13,14 	1
1,2,4,5,6,13,15 	4
1,2,4,5,6,13,16 	1
5,11,13,16 	18
5,11,13,14 	11
5,11,13,15 	254
4,5,12,13 	1
1,2,7,8,13 	3
2,7,8,10,14 	1
2,7,8,10,13 	209
2,7,8,10,15 	5
1,2,4,5,8,12,13,15 	3
2,4,5,7,8,10,15 	6
10,11 	17
10,12 	3
2,4,5,7,8,10,13 	332
2,7,8,10,11 	1
10,13 	3015
5,7,10,13,15 	10
2,4,5,6,8,9,10,13 	39
1,2,3,4,5,6,7,8,9,11,13,14,15 	1
2,4,5,6,13,14 	1
2,4,5,6,13,15 	16
4,5,10,11,13 	1
2,3,4,5,8,16 	1
2,3,4,5,8,15 	2
2,4,5,6,13,16 	2
2,3,4,5,8,13 	89
2,5,6,7,8,9,10,11,13 	1
10,14 	2
10,15 	381
1,2,5,8,13,14,15 	1
1,4,5,8,11,13 	1
10,16 	22
2,3,4,5,8,11 	1
2,5,8,12,13,15,16 	1
5,8,10,11,13 	18
2,4,7,11,13,15 	11
2,4,7,11,13,14 	10871
2,8,10,13,16 	4
1,2,5,6,9,10,13,14,15 	4
1,2,5,6,9,10,13,14,16 	1
1,2,3,4,5,6,8,10,11,13,14,15 	1
2,4,5,7,10,11,13,15 	22
2,4,5,7,10,11,13,16 	1
2,8,10,13,15 	87
2,8,10,13,14 	14
2,3,5,6,8,9,11,13,15 	1
2,3,4,5,7,8,9,10,13 	4
1,2,4,5,6,7,9,10,13,14,15,16 	4
2,4,5,6,7,8,9,10,11,13,14,16 	1
2,3,5,6,13 	2
2,4,5,6,7,8,9,10,11,13,14,15 	3
2,3,5,7,9,10,11,13,15 	1
2,4,10,11,13 	8
5,8,9,11,13,15 	7
2,4,10,11,14 	1
2,4,13,16 	18
2,4,13,15 	1038
2,4,13,14 	94787
1,2,6,7,8,11,12,13,14 	1
2,10,13,15,16 	26
2,3,8 	177
2,5,9,11,15,16 	1
1,2,4,5,6,9,13,16 	20
2,3,7 	1
1,2,4,5,6,9,13,15 	53
2,3,9 	12200
1,2,4,5,6,9,13,14 	6
2,4,5,7,8,10,11,13 	68
2,3,4 	141
5,10,13,15,16 	1
2,3,5 	69026
5,6,9,15 	2
5,6,9,13 	27
2,3,4,5,10,11,13 	24
2,3,5,8,15,16 	5
1,2,5,7,9,10,14,15 	1
2,5,6,9,10,13,14,15,16 	1
1,2,3,5,9,11,13,14,15,16 	1
4,14,15 	2
2,4,6,12,13 	742
1,2,4,5,8,9 	1
1,2,4,5,7,8,10,13,15,16 	34
1,2,3,4,5,8,9,13 	6
1,2,5,6,7,9,13,16 	7
1,2,5,6,7,9,13,15 	48
2,4,5,6,7,13 	13
1,2,5,6,7,9,13,14 	5
2,14,16 	3
2,5,7,8,9,10,11,13,15 	27
1,2,3,4,5,11 	1
2,14,15 	30
2,5,7,8,9,10,11,13,16 	5
1,2,3,4,5,13 	66
2,4,8,12,13 	2824
1,2,5,6,7,9,10,13,16 	3
1,2,4,7,9,10,13,15 	4
1,2,4,7,9,10,13,16 	1
1,2,5,6,7,9,10,13,15 	23
2,5,6,8,9,11,13,15,16 	2
1,2,4,5,8,9,11,13 	16
2,3,5,9,11,15 	2
1,5,7,13,15 	4
2,3,5,9,11,13 	12
1,2,4,7,10 	7
1,2,4,7,13 	10
2,5,9,10,11,13 	60
2,4,5,7,8,10,11,13,14,15,16 	5
2,3,5,7,8,11,13 	6
2,5,8,15,16 	11
2,5,10,12,13,15,16 	2
1,2,3,5,7,8,9,11,13,15 	3
1,2,4,5,8,9,10,13,14,15,16 	3
1,2,3,4,5,15 	1
2,6,8,11,13,14 	5
1,2,4,5,6,7,8,9,10,11,12,13,15,16 	3
2,13,14,15,16 	1
2,3,7,8,10,13 	1
1,2,4,5,8,10,13,16 	2
2,5,6,7,8,10,12,13 	1
1,2,4,5,8,10,13,15 	80
2,6,7,11,13 	3
2,3,5,7,10,13,15 	10
2,3,5,7,10,13,16 	1
2,5,6,7,8,9,10,11,12,13,15 	1
1,2,5,7,11,13,15,16 	1
1,2,4,7,11,13 	11
4,5,15,16 	29
7,8,10,13,15 	3
1,2,3,4,5,6,8,10,11,13,15 	2
2,4,8,11,12,13,16 	1
1,2,5,7,8,9,10,11,13,15,16 	15
2,4,8,11,12,13,14 	248
3,5,8,10,13 	7
2,4,8,11,12,13,15 	8
1,2,3,5,6,9,10,13,15,16 	3
1,5,9,13,15 	14
1,2,4,7 	4
1,2,4,6 	2
1,2,4,5 	11
1,2,10,13 	286
1,2,10,14 	1
1,2,10,11 	1
2,4,5,7,8,9,13 	139
1,2,10,15 	12
2,4,5,7,8,9,10 	7
1,2,10,16 	5
2,4,5,6,9,10,13,14,15 	1
2,5,7,12 	2
2,5,7,11 	19
1,2,4,5,7,8,9,10,12,13,14,15,16 	1
2,5,7,10 	818
1,5,6,8,9 	4
2,5,7,16 	29
11,12,14 	1
2,5,7,15 	259
2,5,7,14 	5
2,5,7,13 	2299
11,12,13 	3
2,4,5,6,8,9,10,11,12,13 	1
1,2,5,7,8,10,11,12,13,15 	1
1,2,5,10,13,15 	285
1,2,5,7,9,13,14 	2
1,2,5,10,13,14 	2
1,2,5,7,9,13,15 	92
1,2,3,5,8,9,10,11,13,15 	9
1,2,5,10,13,16 	26
1,2,5,7,9,13,16 	15
1,2,4,5,7,8,11,13,15 	5
2,3,5,8,9,10,13 	20
1,2,4,5,7,8,11,13,14 	1
2,5,9,13,15,16 	249
2,4,9,13,14,16 	1
1,2,5,7,8,9 	2
1,2,4,5,6,7,8,11,13,14,15 	2
2,3,5,8,11,13,14,15 	3
2,3,4,5,8,9,13,15,16 	3
2,4,5,7,8,10,13,14,15,16 	2
1,2,4,7,10,11,13 	1
2,4,5,8,10,11,13,15,16 	16
1,2,3,4,5,7,9,10,11,12,13,15 	1
4,5,8,11,12,13,14 	1
2,5,7,9,10,12 	2
2,5,7,9,10,11 	3
2,5,7,9,10,13 	784
2,5,7,9,10,16 	2
2,5,7,9,10,15 	78
2,4,5,8,13,16 	25
2,5,6,7 	3
2,5,6,8 	46
2,4,5,8,13,14 	1337
2,4,6,7,8,11,12,13,14 	163
2,5,6,9 	58
2,4,5,8,13,15 	3426
2,4,5,6,8,9,10,11,12,13,15,16 	2
2,5,6,7,9,13,14,16 	1
2,5,6,7,9,13,14,15 	1
2,3,5,13,14 	1038
1,2,4,5,6,8,11,12,13,14,15,16 	3
2,3,5,13,15 	49018
2,3,5,13,16 	5229
2,3,5,10,15,16 	2
2,3,5,7,9,11,13,15 	1
7,8,9,10 	1
1,2,3,5,7,8,9,10,13,14,15 	1
7,8,9,13 	2
2,4,5,6,7,8,11,13 	1
1,2,4,5,8,9,10,11,12,13,14,15,16 	1
4,5,9,10,11,13,15 	1
2,5,8,10,12,13,14,15 	2
2,3,9,13,15 	2
2,4,5,7,9,10,13,14,15,16 	3
2,8,12,13,15 	9
1,2,3,4,5,8,10,11,12,13,15,16 	1
2,8,12,13,14 	20
1,2,4,5,8,9,10,11,13,14,15,16 	13
1,2,5,6,7,10,13 	6
1,2,4,5,7,8,9,10,13 	64
2,4,5,9,10,11,13,15,16 	3
2,4,8,9,13 	16
2,4,5,6,7,8,9,13,14,15 	3
1,5,8,11 	2
2,5,7,8,10,13,14,16 	1
2,5,7,8,10,13,14,15 	6
1,5,8,10 	2
2,3,5,8,13,15,16 	38
1,5,8,15 	4
1,5,8,13 	88
1,2,4,5,8,9,10,12,13,15 	9
2,4,5,7,9,10,12,13,15 	8
1,2,3,5,10,11,13,15 	3
5,8,13,15,16 	3
2,5,11,13,15 	945
1,2,3,5,7,8,11,13,15 	1
2,5,11,13,14 	59
2,3,8,15 	2
2,8,13,14 	2997
2,3,8,12 	1
2,3,8,13 	42
2,3,8,16 	17
2,5,11,13,16 	289
2,3,8,10 	27
1,5,7,8,13 	3
1,2,5,6,9,10,13 	79
3,9,13 	35
5,8,16 	110
2,4,5,7,9,11,13,15 	7
2,3,4,8,12,13 	1
1,2,4,5,7,9,10,13,14,15 	3
2,5,7,9,10,11,13,16 	3
2,5,7,9,10,11,13,15 	19
2,4,5,8,10,11,12,13 	1
2,5,7,9,10,11,13,14 	1
2,3,4,5,7,10,13,15 	11
2,3,4,5,7,10,13,16 	2
5,8,15 	1305
2,4,5,8,9,10,11,12,13 	2
5,8,14 	61
5,8,13 	29166
5,8,12 	12
5,8,11 	462
3,9,15 	476
5,8,10 	657
2,4,5,9,10,15,16 	1
1,2,3,4,5,6,7,9,10,13,15,16 	1
8,14,15 	1
2,4,5,6,8,10,13,15,16 	2
1,2,3,4,5,8,9,10,11,13,15,16 	21
1,8,10,13 	1
2,5,6,9,11,13,14 	1
1,2,4,7,8,11,13 	6
2,5,6,9,11,13,15 	14
2,5,6,9,11,13,16 	5
1,2,3,4,5,11,13,15,16 	13
1,2,4,5,7,9,10,12,13 	3
2,6,13,14 	101
2,6,13,16 	5
2,6,13,15 	10
