2,6,8,12,13 	44
2,5,9,13,15 	9792
2,5,9,13,14 	321
8,15 	1871
2,5,6,7,8,9,10,12,13,15 	2
2,4,5,6,7,9,10,13,14,15 	2
1,2,4,7,10,13,15 	4
8,10 	2204
1,2,4,7,10,13,14 	1
2,7,8,11,13,14 	7
1,2,6,9,13 	11
8,13 	600309
2,5,7,8,10,11,12,13,15 	2
8,14 	14512
8,11 	4738
8,12 	1622
2,5,7,8,9,13,14 	4
1,2,4,5,6,7,8,9,10,11,12,13,14 	1
2,5,7,8,9,13,15 	160
2,5,7,10,13,14,15 	2
5,7,8,11,13 	4
1,2,4,5,6,7,8,9,10,11,12,13,15 	9
1,2,4,5,10,13 	38
1,2,4,5,10,15 	4
1,2,4,5,9,10 	1
1,2,4,5,9,13 	88
1,2,3,5,6,8,9,13 	2
1 	3718
2 	4710457
3 	154803
4 	278675
5 	2117548
6 	19673
7 	18945
8 	6895207
1,2,3,5,9,13,15 	19
9 	1067635
1,2,4,5,8,9,12,13,15 	1
2,5,6,8,9 	5
2,4,6,7,8,11,13 	666
2,8,9,10,12,13 	1
2,8,13,15 	3343
2,3,4,5,8,13,15 	115
1,2,3,4,5,8,9,10,13,15 	23
2,3,4,5,8,12,13,15 	6
2,3,4,5,8,13,14 	5
2,3,5,7,8,9,11,13 	1
2,4,7,8,12,13 	1412
1,2,5,6,7,9,11,13,15 	6
1,2,7,10,11,13,15 	2
2,3,13,14 	1
2,3,13,15 	11
2,4,5,7,8,9,10,11,13 	64
2,4,5,6,8,10,12,13 	3
3,5,7,9,15 	1
1,5,7,9,13,15 	2
3,5,7,9,13 	1
2,4,5,6,7,8,9,10,12,13 	3
2,4,5,8,9,10,12,13,14,15 	10
1,2,7,9,12,13,15 	1
1,2,4,5,8,11,13,14 	19
1,2,4,5,8,11,13,15 	69
1,2,4,5,6,7,8,10,11,12,13,14,15 	95
2,5,7,8,10,11,13 	78
1,2,4,5,9,10,13 	47
2,5,6,9,10,13 	113
2,3,4,8,13 	1
1,2,4,5,9,10,15 	2
2,5,7,8,10,11,15 	1
1,2,4,5,7,8,10,11,12,13,15 	4
1,2,3,5,8,11,13,14,15 	2
1,2,3,4,5,8,13,14,15 	1
2,3,4,5,8,11,12,13,14,15 	1
1,2,4,7,8,10,12,13 	1
1,2,3,5,8,9,13 	4
2,4,5,14,15 	4
1,2,4,5,6,7,8,9,10,11,13 	17
2,5,7,8,10,11,13,14 	6
2,5,6,9,10,11,13 	12
2,5,7,8,10,11,13,15 	60
2,3,4,5,7,8,10,11,13,14,15 	3
2,5,8,9 	2132
1,2,3,5,8,9,13,15 	9
2,4,5,6,8,11,12,13,14,15 	25
2,3,4,5,6,8,9,11,13 	1
1,2,5,8,10,11,13,14,15 	1
1,2,5,7,15 	9
2,3,6,13 	1
1,2,3,4,5,6,8,10,12,13,15 	1
2,4,8,10,13,14 	6
1,2,5,7,11 	1
2,4,8,10,13,15 	13
1,2,5,7,10 	12
1,2,5,7,13 	143
1,2,5,7,9,13,14,15 	1
2,4,5,10,13,14,15 	10
1,2,4,5,7,8,9,10,11,13 	58
1,2,4,5,6,8,10,11,12,13,14,15 	1
3,4,13,15 	4
4,5,8,12,13 	5
1,2,3,5,7,8,10,13 	1
3,4,5,11,13 	15
5,8,9,11,15 	1
5,8,9,11,13 	13
2,4,5,6,7,9,10,11,13,15 	3
2,5,7,12,13 	10
3,4,5,11,15 	7
1,4,5,7,9,13,15 	1
5,9,13,14,15 	1
1,2,5,6,7,9,10,13,14,15 	1
5,7,11,15 	2
1,2,3,5,8,9,10,11,13,14,15 	2
5,7,11,13 	12
2,3 	28634
2,4 	322872
2,5 	746497
2,6 	1464
2,7 	11431
2,8 	176996
2,9 	466562
2,4,5,7,8,12,13,15 	9
2,3,5,6,9,13,15 	2
2,4,5,7,8,12,13,14 	1
1,13,14 	1
1,2,3,4,5,6,7,8,10,11,12,13,14 	1
1,13,15 	15
8,12,13,14 	48
1,5,8,10,13 	5
1,2,5,6,10,13 	13
1,2,5,6,10,15 	1
3,5,11,15 	153
2,5,8,10,11,13,14,15 	14
2,5,8,9,11,14,15 	1
1,2,5,8,11,13,14,15 	1
4,8,12,13 	7307
1,2,4,5,6,9,10,11,12,13,15 	1
1,2,3,5,6,8,10,13,15 	1
2,5,6,14,15 	1
5,8,9,15 	135
2,4,8,15 	49
5,8,9,13 	828
2,4,8,14 	35
2,4,8,13 	9961
5,8,9,14 	14
2,4,8,12 	1
2,4,8,11 	5
2,3,5,8,10,13,15 	46
2,4,8,10 	21
2,4,11,12,13 	183
2,3,4,5,8,9,10,13,15 	69
1,2,5,7,9,11,13,15 	3
2,4,5,10,11,13,14 	1
2,4,5,6,8,12,13,15 	52
2,4,5,6,8,12,13,14 	59
2,4,5,10,11,13,15 	33
2,4,5,8,9,14,15 	1
3,5,11,13 	118
1,2,5,7,8,15 	1
1,2,4,6,7,8,11,12,13,14,15 	1
1,2,3,5,9 	1
1,4,5,7,13,15 	1
1,2,5,7,8,13 	57
1,2,6,7,13,14 	1
1,2,5,7,8,10 	2
6,10,13 	23
2,4,5,8,10,15 	8
2,4,5,8,10,11 	3
2,4,5,8,10,14 	1
2,4,5,8,10,13 	722
1,2,5,9,13,14,15 	6
2,5,8,10,13,14 	29
2,5,8,10,13,15 	1755
1,2,3,4,5,6,7,8,10,11,13,15 	2
1,2,4,5,6,8,11,13,15 	1
1,6,13 	30
1,2,3,4,5,8,11,13,14,15 	2
1,6,15 	1
1,2,4,5,8,10,12,13,14,15 	3
1,2,4,5,15 	3
1,2,4,5,13 	111
1,2,4,5,10 	5
2,4,6,7,12,13 	118
4,5,8,14 	11
4,5,8,15 	36
5,9,12,13 	3
1,2,7,10,13,14 	1
4,5,8,12 	1
1,2,7,10,13,15 	20
4,5,8,13 	595
4,5,8,10 	11
5,9,12,15 	1
4,5,8,11 	11
2,4,5,6,7,8,9,10,13 	28
3,7,9 	1
1,2,3,4,5,8,11,13,14 	1
1,2,3,4,5,8,11,13,15 	23
2,4,8,10,15 	4
2,4,8,10,13 	74
3,4,5,8,9,13 	1
5,8,9,11 	11
5,8,9,12 	1
2,4,5,7,8,10,12,13 	3
5,8,9,10 	74
2,4,6,7,8,11,13,14 	55
2,4,6,7,8,11,13,15 	1
1,2,9,10 	10
1,2,9,15 	2
1,5,7,15 	1
2,4,6,7,13 	790
1,5,7,13 	21
1,2,9,13 	84
2,3,9,15 	4
2,3,9,13 	15
2,5,6,7,8,13,14,15 	1
1,2,5,7,8,9,11,13 	4
2,6,7,8,12,13,14 	2
1,2,5,6,9,11,13,15 	29
1,2,5,6,9,11,13,14 	3
4,5,9,10,11,13 	1
1,2,4,5,7,9,12,13,15 	2
2,7,9,10,12,13 	8
1,2,3,4,5,8,10,11,12,13,14,15 	1
2,4,5,8,9 	66
1,2,4,5,6,8,9,13 	55
1,2,4,5,6,8,9,10,13,15 	73
1,2,4,5,6,8,9,10,13,14 	1
1,2,4,5,9,13,14 	4
1,2,4,5,9,13,15 	51
1,2,3,5,8,10,11,13,15 	7
2,4,5,6,7,8,10,11,13 	4
2,5,6,9,13,15 	400
1,2,4,5,6,8,10,13 	6
2,5,6,9,13,14 	32
1,2,5,8,11,13 	122
1,2,5,8,11,15 	1
2,3,4,5,7,8,9,11,13 	1
2,4,5,6,7,8,12,13,14,15 	2
1,2,5,9,10,12,13,15 	4
1,2,4,5,6,7,10,13,15 	2
1,2,5,7,8,9,10,12,13,15 	4
5,9,11,13,15 	11
1,2,4,5,10,11,13 	12
5,9,11,13,14 	1
1,2,5,6,8,9,11,13,14 	1
1,2,5,6,8,9,11,13,15 	5
4,7,8,11,13 	1
1,10,13 	3
2,5,6,8,9,10,12,13,15 	15
8,11,14 	290
8,11,13 	1675
8,11,12 	7
2,3,4,7,9,10,13 	1
6,13,14 	1
1,2,3,4,5,7,8,9,10,11,13,14,15 	19
2,4,7 	439
2,4,6 	26
2,4,9 	481
2,4,8 	821
2,8,10,11 	6
2,4,5 	5469
1,2,7,9,10,12,13,15 	1
2,5,6,7,9,11,13 	12
1,2,3,4,5,8,9,13,15 	16
2,5,7,10,13,15 	797
2,5,7,10,13,14 	11
1,7,13,15 	1
1,2,5,8,9,10,12,13 	2
2,3,5,8,9,10,11,13,15 	8
2,6,9,10,13 	457
2,4,5,6,7,8,9,12,13,15 	3
2,3,4,5,9,11,13 	4
2,3,4,5,9,11,15 	2
2,9,10,13,15 	333
2,8,10,12 	30
2,8,10,13 	1285
2,8,10,14 	2
2,8,10,15 	34
2,9,10,13,14 	1
2,4,5,6,12,13 	2
1,2,3,8 	1
2,4,7,9,10 	27
2,4,7,9,13 	138
1,2,5,6,13,15 	33
1,2,3,5 	45
2,3,4,5,8,9,10,11,12,13,15 	4
1,2,5,6,13,14 	10
1,2,3,5,7,8,9,10,11,13,15 	7
1,2,5,6,9,11,13,14,15 	2
1,2,4,8,13 	16
2,4,5,7,8,9,10,11,12,13,14 	1
2,4,5,7,8,9,10,11,12,13,15 	5
1,2,4,5,8,9,10,12,13 	1
1,2,5,7,8,11,13,15 	8
2,5,7,8,11,13,14,15 	1
1,2,4,5,9,12,13,15 	1
2,6,9,10 	37
2,3,5,7,15 	19
2,6,9,13 	1181
2,6,9,12 	1
2,3,5,7,13 	22
2,6,9,15 	1
5,12 	61
5,13 	679929
2,3,5,7,10 	1
5,14 	397
5,15 	1132164
1,2,4,5,6,8,9,10,13,14,15 	4
5,10 	5434
5,11 	14122
1,2,4,6,8,11,12,13,14 	31
2,3,4,5,8,9,13 	28
1,2,5,6,7,8,9,13 	35
5,6,8,13 	9
2,4,5,7,8,9,10,12,13,15 	24
2,4,5,8,9,15 	10
2,4,5,8,9,11 	2
2,4,5,6,8,10,13,14,15 	9
2,4,5,8,9,14 	1
2,4,5,8,9,13 	602
2,5,14,15 	12
1,2,4,5,7,9,10,12,13,15 	23
2,3,4,5,7,8,10,12,13,15 	1
1,2,3,4,5,6,8,9,13,14,15 	1
1,2,5,8,9,11,13 	32
2,4,5,8,9,10 	14
1,2,5,6,7,9,13,14,15 	1
2,5,7,8 	339
1,2,4,5,6,8,9,11,13 	3
1,2,5,8,9,11,15 	1
2,4,5,6,7,8,10,13 	17
2,5,7,9 	888
1,2,3,4,5,8,10,11,13,14,15 	5
1,2,6,13,15 	2
1,2,6,13,14 	2
2,4,8,13,14 	1910
2,4,8,13,15 	256
1,2,5,8,11,13,14 	6
1,2,5,8,11,13,15 	62
1,9,13 	4
1,2,8,11,13 	1
1,2,3,4,5,6,7,8,9,10,13,15 	12
2,3,4,5,7,8,9,10,11,12,13,15 	2
2,5,6,7,8,13,15 	8
2,4,5,6,7,9,11,13,14,15 	1
2,5,6,7,8,13,14 	1
2,7,8,9,14,15 	1
4,10,13,15 	5
1,2,3,4,5,7,8,10,13 	1
2,5,11,12,13 	3
1,2,4,6,8,11,13,14 	3
2,5,8,9,12,13 	8
1,2,3,5,6,8,13,15 	2
2,5,7,8,9,11,13,15 	14
2,5,7,8,9,11,13,14 	2
2,5,6,8,9,10,12,13 	4
1,2,4,5,8,9,15 	1
2,4,5,6,8,11,12,13,15 	18
1,2,4,5,8,9,13 	25
1,2,4,5,7,9,10,11,13,15 	39
3,4,5,9,13,15 	3
1,2,4,5,8,9,10 	2
2,4,5,6,8,11,12,13,14 	105
2,5,6,7,8,9,13,15 	27
1,2,3,4,5,7,8,9,10,13,15 	31
2,4,5,8,9,10,12,13,15 	46
1,2,5,9,10,12,13 	3
2,5,6,7,8,9,13 	45
2,5,6,7,8,9,10 	1
1,2,7,8,10,13 	4
1,2,4,5,7,8,9,11,13 	6
8,9,14 	3
8,9,13 	46
2,3,5,7,8,9,10,11,13 	1
2,5,7,9,10,11,15 	1
2,5,6,8,10,11,12,13,15 	1
1,2,9 	45
1,2,8 	34
1,2,7 	49
2,5,9,13,14,15 	43
1,2,3,4,5,9,13,14,15 	1
1,2,6 	80
1,2,5 	545
2,5,7,9,10,11,13 	33
1,2,7,11,15 	1
1,2,3,5,13,14 	123
1,2,3,5,13,15 	294
2,3,4,5,6,9,13,15 	1
2,6,12,13 	40
1,2,4,5,6,10,13,15 	3
1,2,4,5,7,9,10,11,12,13,15 	4
2,4,7,8,9,10,13,15 	3
2,4,5,7,8,11,12,13,14,15 	15
2,4,5,6,8,9,13 	68
2,5,8,9,12,13,14,15 	1
2,4,5,7,10,11,13 	44
1,2,5,7,9,12,13 	2
2,3,5,6,7,8,9,10,11,13 	1
2,4,5,6,8,9,11,12,13,14,15 	2
2,4,5,6,8,9,10 	1
1,2,4,5,6,9,13,14,15 	4
2,4,5,6,9,10,12,13,15 	12
1,2,4,5,6,13 	25
1,2,5,8,9,13,14,15 	2
1,2,13,14 	5
2,4,5,6,8,15 	1
1,2,13,15 	71
2,4,5,6,8,13 	193
2,4,5,6,8,12 	1
1,2,3,4,5,6,7,8,11,13,14,15 	1
2,3,4,5,7,8,10,11,13,15 	7
2,4,7,8,10,13,15 	9
2,4,7,8,10,13,14 	1
2,4,5,7,8,9,10,11,13,14 	9
2,4,5,7,8,9,10,11,13,15 	110
2,4,5,9 	517
2,4,5,7 	188
2,4,5,8 	628
2,4,5,6 	11
1,2,4 	43
2,3,4,5,6,8,10 	1
1,2,3 	1
2,4,5,10,11,15 	3
2,3,5,9,11,13,15 	10
2,3,5,9,11,13,14 	1
2,4,5,10,11,13 	71
1,2,5,7,11,13,15 	3
1,2,4,5,6,8,9,10,12,13,14,15 	3
2,4,5,7,12,13 	2
2,4,5,6,8,12,13 	59
2,5,7,9,12,15 	2
2,5,7,9,12,13 	29
2,3,4,5,9,10,11,13,15 	16
2,4,5,7,8,9,10,15 	2
2,4,5,7,8,9,10,13 	247
1,2,4,5,8,10,11,13,14,15 	22
1,2,4,5,6,7,9,11,13 	3
10,11,13 	6
2,5,10,11,13,14,15 	2
1,2,4,5,7,8,10,12,13 	2
1,2,3,5,6,8,9,10,13,15 	3
1,2,3,4,5,6,8,9,12,13,15 	1
2,3,5,8,10,13 	59
5,10,11,13,15 	1
4,6,8,12,13 	58
1,2,5,7,8,13,14,15 	1
2,4,5,11,13,14,15 	2
2,4,6,8,10,13 	3
1,2,5,8,9,12,13,15 	1
1,2,3,4,5,7,8,9,13,15 	3
1,2,3,4,5,11,13,14 	1
1,2,3,4,5,11,13,15 	27
2,3,5,8,9,10,13,14,15 	2
2,3,5,8,9,15 	2
1,2,3,4,5,7,10,13,15 	3
2,3,5,8,9,10 	3
3,5,14,15 	2
2,3,5,8,9,11 	1
2,3,5,8,9,13 	84
4,5,8,9,10,13,15 	1
2,3,4,5,7,9,10,11,13,14,15 	1
2,5,8,10,15 	135
2,5,8,10,11 	23
2,5,8,10,12 	2
2,5,8,10,13 	4174
2,5,8,10,14 	1
2,4,9,11,13 	1
1,2,5,7,8,9,13 	37
1,2,4,5,6,7,8,9,10,13 	54
1,2,4,5,7,9,13,15 	50
1,2,5,7,8,9,15 	1
1,2,4,5,7,9,13,14 	1
1,2,5,10,15 	15
1,2,5,10,13 	355
8,13,14,15 	1
2,3,8,11,13 	3
2,5,7,8,9,11,13,14,15 	1
2,3,15 	20
3,5,8,11 	9
2,4,5,6,7,9,10,13,15 	15
3,5,8,14 	1
2,3,13 	3474
3,5,8,13 	129
2,3,10 	148
4,5,7,9,15 	1
1,2,5,7,8,10,13,15 	82
2,3,11 	8
3,5,8,10 	3
2,4,5,9,11,13 	31
4,5,7,9,13 	8
3,5,8,15 	55
2,4,5,6,7,9,10,13 	5
2,5,6,10,13,14 	1
1,2,4,5,9,11,13,15 	4
2,5,6,10,13,15 	30
1,2,3,4,5,8,10,13,14,15 	3
2,4,5,8,9,11,13 	82
2,4,5,6,8,10,12,13,15 	57
2,3,5,12,13 	1
2,4,5,6,7,8,9,11,13,15 	4
1,2,5,7,13,14 	2
5,12,15 	3
1,2,5,7,13,15 	72
2,3,4,5,7,8,10,11,13 	5
1,2,5,6,9,10,11,13,15 	8
5,12,14 	1
5,12,13 	22
2,3,5,8,9,10,12,13 	1
2,5,11,14 	7
2,5,11,15 	266
1,2,6,8,12,13,14 	4
2,5,11,13 	6596
2,3,5,7,8,11,13,15 	4
4,7,9,13 	3
4,5,8,9,13,15 	8
2,5,6,7,15 	1
3,4 	4383
3,5 	470821
3,7 	8
4,9,13,15 	6
3,8 	270
3,9 	422078
2,4,7,10,11,13 	7
2,7,10,13,14 	4
4,5,10,15 	7
4,5,10,13 	17
2,5,6,8,12,13 	34
2,9,11,13,15 	2
2,5,6,7,13 	46
1,2,5,6,8,9,10,11,12,13,15 	1
2,3,4,5,8,9,10,11,13,15 	58
1,2,4,7,8,11,13,14 	1
2,5,6,7,8,11,13,14 	1
2,5,9,10,11,13,14,15 	2
2,6,7 	2
5,13,14,15 	1
2,3,5,8,11,13,15 	51
2,6,9 	262
2,6,8 	26
2,4,5,7,9,12,13 	3
2,7,10,13,15 	177
2,13,15 	59186
2,13,14 	16616
1,5,8,11,13,15 	2
1,2,4,5,8,9,10,11,12,13,14,15 	2
1,2,4,5,7,9,13,14,15 	3
1,2,5,7,9,10,12,13 	5
1,2,3,5,8,10,13,14,15 	1
1,2,4,7,9,10,12,13 	1
1,2,3,4,5,6,7,8,9,10,11,12,13,15 	2
2,5,7,8,9,10,11 	2
1,2,4,5,7,8,10,11,13,14,15 	21
2,5,7,8,9,10,14 	1
2,5,7,8,9,10,13 	361
1,2,3,5,8,12,13 	1
2,5,7,8,9,10,15 	23
2,4,5,6,7,8,11,13,14,15 	3
1,5,10,11,13 	1
4,5,10,11 	1
5,7,8,9 	26
2,4,6,9,10,13 	1
2,7,9,10,11,12,13 	1
1,2,4,5,6,7,8,10,12,13,15 	1
2,4,12,13,15 	16
2,4,12,13,14 	1069
2,3,4,5,6,13 	1
2,5,6,7,8,12,13,15 	4
1,2,3,4,5,10,13,15 	8
2,5,6,7,8,9,10,13,15 	34
2,5,9,10,12 	1
2,5,9,10,13 	2901
6,8,10 	1
1,2,3,4,5,6,7,8,10,13,15 	4
2,5,9,10,11 	8
2,3,5,8,11,13,14 	3
1,2,4,5,7,8,10,11,13,14 	9
1,2,4,5,7,8,10,11,13,15 	80
2,5,9,10,14 	1
2,5,9,10,15 	268
1,2,3,4,5,6,8,11,13 	1
6,8,13 	7
2,3,5,8,10,11,13,15 	19
2,3,5,8,10,11,13,14 	1
2,3,5,9,10,11,13,15 	5
2,4,8,9,10,11,13,15 	1
1,2,4,5,6,7,9,10,11,13 	2
2,4,5,10,12,13,15 	3
4,5,6,9,13 	1
2,3,5,7,10,13 	12
4,5,7,8,10,13 	3
2,3,4,5,7,9,10,13 	4
1,2,4,5,7,9,11,13,14,15 	1
1,2,4,5,7,8,9,13 	14
1,2,3,4,5,9,10,13,14,15 	1
2,3,4,5,8,13,14,15 	3
2,4,7,10,13 	473
2,4,7,10,15 	8
2,4,9,10,13,14 	1
2,4,9,10,13,15 	12
2,4,5,7,8,11,12,13 	1
2,4,7,10,12 	1
2,3,4,5,7,8,9,10,13,14,15 	1
2,4,5,7,8,11,13 	30
4,9,15 	31
4,9,13 	120
1,2,4,5,7,10,13,14 	2
1,2,4,5,7,10,13,15 	135
2,5,6,8,11,12,13 	1
1,2,4,5,8,9,13,14,15 	6
5,8,12,13 	8
2,3,4,5,6,7,8,9,10,11,13,15 	1
1,2,5,7,8,10,11,13,14 	3
1,2,5,7,8,10,11,13,15 	20
2,15 	734652
2,14 	5412
2,13 	3911651
2,12 	988
2,11 	1680
1,2,4,5,7,10,11,12,13 	1
2,10 	217371
5,6,13,15 	2
1,2,4,5,7,11,13,15 	2
1,2,5,6,7,8,10,13,15 	6
2,5,6,9,11,13,14,15 	2
1,2,3,4,5,7,8,9,10,12,13,15 	1
4,5,9,13,15 	162
1,2,4,5,6,7,8,11,12,13,14,15 	227
2,6,9,13,15 	3
1,2,5,7,10,13,14 	3
1,2,5,7,10,13,15 	175
4,5,9,13,14 	2
2,4,5,11,13 	1216
2,4,7,9,13,15 	13
4,5,7,8,9,13 	1
2,4,5,11,15 	28
2,4,5,11,14 	1
2,5,7,9,14 	4
2,5,7,9,15 	200
1,4,5,6,13,15 	1
1,2,3,4,5 	2
2,5,7,9,10 	278
1,2,3,5,8,9,10,13 	3
2,5,7,9,11 	5
2,5,8,9,10,13,15 	898
2,5,7,9,12 	3
2,5,7,9,13 	1340
2,5,8,9,10,13,14 	11
1,2,3,4,5,7,9,10,11,13,15 	12
1,2,5,7,8,11,13 	7
2,3,4,11,13 	1
1,2,3,4,5,8,11,13 	12
1,2,3,4,5,6,8,9,11,13,15 	4
1,2,5,6,9,12,13 	1
2,5,6,8,10,12,13,14,15 	1
4,5,7,8,13,15 	3
4,5,13,14 	156
4,5,13,15 	1879
10 	35826
11 	6705
12 	29251
13 	3872090
14 	17408
15 	300959
1,2,5,8,10,12,13 	1
2,4,5,8,9,11,12,13,15 	3
2,4,6,8 	3
2,4,6,9 	1
1,2,3,5,8,9,10,11,12,13,15 	1
2,4,5,6,7,8,13,14 	1
2,3,4,5,8,9,10,13,14,15 	3
2,4,5,6,7,8,13,15 	15
2,5,6,7,10,12,13,14,15 	1
2,4,5,8,11,12,13,14,15 	20
1,2,6,10,13 	6
1,2,3,5,9,10,11,13,15 	2
2,3,4,5,8,9,11,13,14 	1
2,3,4,5,8,9,11,13,15 	46
1,2,7,9,10,12,13 	1
2,5,6,7,9,11,13,14,15 	1
2,3,4,5,7,9,13,15 	3
1,2,5,10,11,13 	35
2,4,5,7,8,9,10,13,14,15 	16
1,2,5,10,11,15 	1
2,7,9,13,14,15 	1
1,2,4,5,6,9,11,13,15 	4
2,5,8,13,15 	15665
2,5,8,13,14 	1833
2,7,8,9,11,13 	1
1,2,5,6,7,9,10,11,13,15 	3
2,4,5,7,8,9,10,11,13,14,15 	19
5,6,15 	1
2,4,11,13 	3340
2,4,7,9,10,13 	123
2,4,11,14 	6
4,5,8,12,13,15 	1
2,4,7,9,10,15 	1
2,4,5,8,10,11,13 	141
1,2,5,6,8,9,11 	1
1,2,5,6,8,9,13 	135
2,3,4,5,6,7,8,9,10,13 	1
1,2,4,5,9,13,14,15 	3
5,6,13 	44
2,6,8,9,13 	2
2,5,8,10,11,12,13 	2
1,2,3,4,5,6,7,8,9,10,12,13,15 	1
2,5,8,10,11,12,15 	1
2,4,5,10,14,15 	2
2,10,11,15 	3
2,10,11,13 	107
2,3,5,6,9,10,13 	2
1,4,5,8,10 	1
2,5,10,11,13 	296
2,5,10,11,12 	1
2,5,10,11,15 	3
2,4,5,7,8,10,12,13,14,15 	2
5,8,10,11,13,15 	4
6,10,13,15 	2
1,2,4,7,11,13,14 	1
1,5,8,9 	10
4,12,14 	3
4,12,13 	2421
1,2,4,6,8,13 	13
4,5,9,10,13 	3
2,3,4,5,7,9,10,13,15 	11
1,2,3,5,8,9,13,14,15 	3
2,5,7,8,12,13 	3
2,7,8,13 	683
2,7,8,15 	8
2,7,8,14 	2
2,5,6,8,9,10,13,14,15 	1
2,5,6,8,9,10 	3
2,7,8,10 	161
2,5,6,8,9,13 	159
2,5,6 	111
1,2,4,5,6,9 	4
2,5,8 	16998
2,3,4,7,10,13 	1
2,5,6,8,9,15 	2
2,4,8,12,13,14,15 	16
2,5,7 	2497
5,8,11,13,14 	5
1,4,5,8,13 	2
5,8,11,13,15 	81
2,5,9 	194774
2,5,8,13,14,15 	204
1,2,7,9,11,13 	2
4,5,8,9,11,13,15 	3
5,8,10,13,15 	34
2,4,5,7,9,10,11,13 	34
2,4,5,6,8,11,12,13 	9
1,2,3,5,10,13 	13
2,5,8,9,10,11,12,13,15 	2
1,2,5,7,9,10,12,13,14,15 	1
2,4,5,6,8,10,11,13,15 	11
2,8,10,11,13 	15
1,2,3,5,7,8,10,11,13,14,15 	1
2,3,5,7,10,11,13 	1
1,2,4,5,7,8,10,13 	82
1,2,5,6,8,11,13,14 	1
1,2,4,5,6,9,11,13 	12
2,4,5,8,9,11,12,13 	2
1,2,5,7,8,9,10,13,14 	2
2,4,5,7,10 	86
1,2,5,7,8,9,10,13,15 	118
1,2,3,4,5,6,8,9,10,11,12,13,15 	1
2,4,5,7,12 	1
1,2,5,6,8,11,13,15 	2
2,4,5,9,10,13,15 	343
2,3,4,5,8 	1
2,3,4,5,9 	467
2,4,5,9,10,13,14 	2
2,3,5,7,8,15 	1
2,3,5,7,8,13 	20
2,3,4,5,7 	1
1,2,4,5,9,10,11,13,15 	18
2,3,5,8,13,14 	11
2,6,7,9,10,13 	44
1,2,3,5,7,8,9,10,11,13,14,15 	1
2,3,5,8,13,15 	322
2,3,4,5 	638
2,4,5,6,8,9,10,13,14 	4
2,4,5,6,8,9,10,13,15 	76
2,3,4,7 	1
2,3,4,9 	833
2,7,9,12,13 	21
1,2,5,6,9,10,12,13 	1
1,2,5,8,9,11,13,15 	39
1,2,4,5,13,15 	55
1,2,4,5,13,14 	53
2,6,15 	6
12,13 	2282
2,4,5,6,8,9,12,13 	4
2,7,8,12,13 	28
2,6,13 	6715
12,15 	82
2,6,12 	4
12,14 	63
2,10,12,13,15 	2
2,4,5,8,9,10,11,13,14,15 	26
2,4,5,6,8,9,12,15 	1
1,2,3,5,7,8,9,10,11,13 	4
2,5,7,8,10,11,13,14,15 	5
2,10,12,13,14 	1
2,4,7,8,9,11,13 	1
2,5,11,13,14,15 	6
2,5,7,10,12,13,15 	5
1,2,3,4,5,7,8,9,13,14,15 	1
2,6,10 	62
1,2,4,5,6,8,9,11,13,14,15 	2
5,8,9,10,11,15 	1
2,4,5,6,9,13,14,15 	2
1,2,5,8,10,11,13,15 	59
2,5,9,10,13,14 	10
1,2,5,8,10,11,13,14 	3
2,5,9,10,13,15 	1873
2,4,5,6,12,13,15 	6
2,4,5,8,9,10,12,15 	1
2,4,5,8,9,10,12,13 	3
2,5,7,10,11,13,15 	20
1,2,3,5,6,7,9,10,13,15 	1
1,2,5,8,9 	19
1,2,8,9,10,13 	2
2,3,5,7,13,15 	18
2,5,9,11,13,14 	5
2,5,9,11,13,15 	77
2,6,11,12,13,14 	1
1,2,3,5,8,13 	19
2,8,9,11,13 	1
2,4,5,6,7,9,13,15 	20
2,4,5,6,7,9,13,14 	2
1,2,3,5,6,9,10,13,15 	4
1,4,5,13 	17
1,4,5,15 	1
1,2,3,4,5,7,8,10,13,15 	9
2,4,6,8,12,13,14,15 	12
2,4,6,8,10,11,13,14 	1
2,4,5,7,11,12,13 	1
2,9,11,13 	37
1,2,4,5,7,9,10,14 	1
2,9,11,12 	1
1,2,4,5,7,9,10,13 	90
1,2,5,6,8,10,13,15 	3
1,5,7,8,9 	1
1,2,3,4,5,8,10,11,12,13,15 	2
4,6,8,13 	2
2,3,5,9,13,14 	1
2,3,5,9,13,15 	741
2,7,8,10,12,13 	1
1,3,5 	75
1,2,4,5,9,10,11,13,14,15 	1
2,5,6,8,9,12,13,15 	2
2,5,7,8,9,13,14,15 	2
2,4,5,7,13 	538
2,4,5,7,15 	16
1,2,6,10 	1
2,4,5,6,8,9,11,13,15 	14
1,2,6,15 	2
1,2,6,14 	1
1,2,6,13 	316
1,2,5,7,8,9,11,13,15 	10
2,4,5,7,8 	59
2,4,5,7,9 	32
1,2,4,5,6,8,10,12,13,14,15 	1
1,2,5,8,9,10,13,14,15 	7
2,3,5,12,13,15 	2
2,3,5,12,13,14 	1
2,4,5,9,10,13 	296
2,10,13 	25399
2,5,6,7,9,10,11,13,14,15 	1
2,10,12 	33
2,10,15 	768
2,3,5,8,9,10,11,13 	4
3,5,7,13 	3
2,10,14 	15
4,5,7,8,13 	18
2,4,5,8,9,10,11,12,13,15 	4
2,10,11 	123
2,4,5,9,10,15 	12
1,2,5,7,8,10,12,13 	1
3,5,7,15 	21
2,4,5,6,9,11,13,15 	12
2,5,12,13,14 	4
2,5,12,13,15 	34
1,2,3,4,5,6,7,8,10,13 	1
1,2,4,5,7,8,10,12,13,14,15 	2
2,3,5,9,12,13,15 	1
1,2,7,10,15 	1
1,2,7,10,13 	104
2,3,5,7,11,13,15 	1
2,4,8,10,11,13 	1
2,3,4,13 	24
4,8,10,13 	3
2,3,4,15 	4
1,2,3,4,5,6,7,8,9,10,11,13,14,15 	5
4,13,14,15 	1
2,5,6,7,9,10,11,13,15 	2
4,5,8,10,13 	16
1,2,5,6,8,9,10,11,13,14,15 	1
2,4,6,15 	3
2,5,6,7,11,13 	1
2,4,6,13 	6370
7,8,10,13 	5
2,4,6,14 	12
2,4,5,8,11,12,13 	12
4,5,8,10,11 	1
2,4,6,12 	1
2,4,6,10 	1
2,4,5,7,8,9,10,11,12,13 	1
1,2,7,8,11,12,13 	1
1,2,4,5,7 	2
1,2,4,5,6 	2
2,3,4,5,8,9,11,12,13,15 	1
2,5,6,8,9,10,11,13,14 	2
5,9,10,13,15 	35
2,5,6,8,9,10,11,13,15 	8
1,2,4,5,6,8,9,13,15 	40
1,2,4,5,9 	9
1,2,3,4,5,7,8,9,10,11,12,13,15 	1
1,2,4,5,8 	4
1,2,4,5,6,8,9,13,14 	2
3,8,11 	1
3,8,10 	1
3,8,13 	12
2,4,5,6,8,11,13 	12
1,2,4,5,7,9,12,13 	1
3,8,15 	1
2,5,6,7,8,11,13 	1
8,11,12,13,14 	1
1,2,3,4,5,6,8,9,11,13,14,15 	1
1,2,5,13,14 	29
1,2,5,13,15 	410
2,5,11,12,13,15 	1
2,5,6,8,9,13,14,15 	2
2,11,12,13,14 	2
1,2,3,5,10,13,15 	21
1,2,4,5,7,9,10,11,13,14,15 	3
4,5,6,13 	1
2,4,5,7,13,14 	105
2,5,6,8,15 	6
2,5,6,8,13 	442
7,9,13 	72
2,5,6,8,12 	1
2,3,5,11,13 	1766
2,5,6,8,10 	13
7,9,15 	23
2,3,5,11,15 	266
1,2,3,5,7,9,10,13 	2
2,5,6,8,12,13,15 	26
2,6,7,9,13 	4
2,4,5,7,13,15 	117
2,6,7,9,10 	1
4,5 	34828
4,6 	11
4,7 	1277
4,8 	3194
4,9 	9925
1,2,5,6,7,8,9,10,13,14,15 	7
5,7,8,11,13,15 	1
2,5,7,11,13,14 	2
1,2,3,5,8,10,11,13 	3
2,5,7,11,13,15 	8
1,2,4,5,8,11,12,13,14,15 	1
1,2,3,13 	2
1,2,5,8,9,11,12,13,15 	1
3,5,13,15 	14232
10,12,13 	1
1,2,4,5,7,8,10,13,15 	125
1,2,4,5,7,8,10,13,14 	3
3,5,8,9 	8
1,2,4,8,11,13 	2
1,2,4,5,9,10,13,14,15 	2
2,4,5,8,9,10,13,14,15 	24
2,6,10,13,15 	2
2,3,5,8,11,13 	115
2,3,5,8,9,10,12,13,15 	1
2,4,5,6,8,9,10,11,13 	8
2,4,6,7,8,12,13,14 	53
2,7,11,12,13 	5
2,4,6,7,8,12,13,15 	1
1,2,3,4,5,7,9,10,12,13,15 	1
2,3,4,5,8,11,13 	44
2,3,4,5,9,10,13 	32
2,4,6,7,11,12,13 	75
1,2,7,9,13,15 	3
1,2,7,9,13 	26
1,2,7,9,12 	1
2,4,5,7,8,10,11,13,14,15 	18
1,2,7,9,10 	4
2,5,10,12,13,14,15 	1
1,2,4,5,7,10,11,13,15 	25
2,3,8,10,13 	3
1,2,10,13,15 	53
1,2,10,13,14 	1
2,3,8,10,12 	1
1,2,3,4,5,7,8,9,10,11,13,14 	2
1,2,3,4,5,7,8,9,10,11,13,15 	57
1,2,3,5,6,7,8,9,10,13,15 	2
1,2,4,6,7,8,11,13,14 	2
2,3,4,5,7,8,13 	11
1,2,3,4,5,7,9,13,15 	1
2,5,7,8,9,11,13 	28
2,3,4,5,7,8,10,13 	7
2,5,7,8,9,11,15 	1
1,4,5,11,13,15 	1
2,7,8,10,13,14,15 	1
1,2,3,4,5,7,8,9,10,13 	3
1,2,4,5,6,8,9,10,11,13,14,15 	8
2,7,8 	402
4,5,11,13 	215
2,7,9 	9422
2,3,5,8,9,11,13,15 	17
1,2,5,9,11,13,14,15 	1
1,2,5,6,7,10,11,13 	1
2,3,4,5,12,13,14 	6
1,2,3,5,6,8,9,13,15 	1
2,4,5,6,8,12,13,14,15 	4
2,5,8,10,11,13,15 	220
1,2,3,4,5,10,11,13,15 	7
2,5,8,10,11,13,14 	20
1,2,4,5,8,9,11,13,15 	47
1,2,4,5,8,9,11,13,14 	3
2,3,4,5,8,9,10,11,12,13,14,15 	1
2,3,5,8,10,11,12,13,15 	1
2,4,5,12,13 	37
2,4,5,8,9,11,12,13,14,15 	5
2,4,6,11,13 	187
2,3,4,5,6,7,8,9,10,12,13,15 	2
1,3,5,15 	61
1,2,3,4,5,8,9,10,11,13 	2
1,2,3,5,8,9,11,13 	4
1,3,5,13 	27
1,3,5,9,11,13 	1
2,4,5,6,9,10,13 	22
3,4,5,15 	269
4,5,11,15 	17
4,5,11,14 	2
2,4,5,6,9,10,15 	1
2,5,6,8,13,15 	134
3,4,5,13 	715
2,5,6,8,13,14 	3
3,4,5,11 	36
1,2,5,7,10,15 	2
2,5,7,8,9,10,13,14,15 	5
4,5,10,13,15 	7
1,2,5,7,10,13 	159
1,2,4,5,6,7,8,9,13,15 	29
1,2,3,4,5,8,9,10,12,13,15 	1
1,2,5,8,9,10,11,13,14,15 	2
1,2,7,8,9,10,13,15 	2
2,4,5,7,8,12,13 	2
1,2,4,5,8,9,11,12,13,14,15 	1
1,2,5,6,7,8,9,11,13,15 	4
5,7,8,9,10,15 	1
1,2,5,7,9,10,13,14 	3
1,2,5,7,9,10,13,15 	233
1,2,3,4,5,8,10,13,15 	18
1,2,4,7,9,10,11,13 	1
2,4,5,8,10,13,15 	796
2,4,5,8,10,13,14 	28
2,4,5,12,13,14,15 	1
2,5,6,8,10,12,13 	1
5,7,8,10,11,13 	2
2,9,13,14,15 	2
2,4,5,7,8,9 	8
4,7,11,13 	1
2,5,10,13,14,15 	13
2,4,7,8,11,12,13,14 	118
2,4,7,8,11,12,13,15 	2
1,2,3,5,8,9,10,13,14,15 	2
2,3,5,6,9,11,13 	1
1,4,8 	2
1,4,7 	1
1,4,6 	1
1,4,5 	11
2,3,5,8,13,14,15 	5
2,3,5,7,8,10,13 	10
2,4,5,6,7,13,15 	2
4,5,8,9,10,13 	2
1,2,3,5,7,10,13 	2
2,4,6,7,10,13 	5
1,2,4,5,7,8,9,10,11,13,14,15 	36
1,2,11,13 	2
2,4,10,12,13 	3
2,5,8,10,12,13 	20
2,5,8,10,12,15 	1
1,2,7,9,10,11,13 	2
5,6,10,13 	2
1,2,4,5,7,8,13,15 	9
2,4,5,6,8,10,11,12,13,14,15 	4
1,2,4,5,6,7,8,9,11,12,13,14 	1
2,3,5,9,10,15 	4
2,3,5,9,10,13 	39
4,5,9,15 	256
4,5,9,13 	273
2,3,5,7,8,10,11,13,15 	2
4,5,9,14 	3
2,4,5,6,7,8,11,12,13,14,15 	680
1,2,3,4,5,7,8,9,11,13,15 	2
2,4,7,11,12,13 	2087
4,5,9,10 	5
1,2,3,5,6,9,13,15 	3
1,2,3,4,5,7,8,9,13 	1
3,4,5,13,15 	151
3,4,5,13,14 	1
1,2,7,8,10,13,15 	1
1,2,3,5,6,8,9,10,13 	2
1,2,7,9,10,15 	1
1,2,7,9,10,13 	38
1,5,7,9,13 	5
1,2,3,4,5,7,9,10,13 	2
2,3,4,5,9,13,15 	92
2,4,8,11,13 	680
2,4,8,11,14 	1
2,5,6,7,8,9,10,11,13,15 	4
2,5,6,7,8,9,10,11,13,14 	1
2,4,7,9 	107
4,7,8,12,13,14 	4
2,5,7,8,9,12,13,15 	5
2,4,7,8 	51
2,5,7,8,9,12,13,14 	1
1,2,5,6,7,8,10,11,13,15 	2
1,2,5,7,9,12,13,15 	3
1,2,5,7,8,9,10,11,13,14,15 	3
6,7,8 	1
2,3,4,5,8,11,13,15 	64
1,2,3,4,5,8,9,11,13,15 	48
2,3,5,7,9,13,14,15 	1
2,3,4,5,8,11,13,14 	7
1,2,4,9,10,13 	3
2,7,9,13,15 	155
2,3,4,5,8,9 	3
2,7,9,13,14 	9
1,2,5,8,9,10,11,13,14 	1
2,5,7,9,10,13,14,15 	2
1,3,4,5,13 	2
1,2,5,8,9,10,11,13,15 	46
2,5,6,7,8,10,13,14 	1
2,5,6,7,8,10,13,15 	12
2,3,5,6,8,9,10,11,13,15 	2
2,6,7,12,13 	6
1,2,9,10,13,15 	14
2,3,4,5,7,13,14 	25
2,3,4,5,7,13,15 	5
4,5,14,15 	2
2,5,6,8,10,13 	51
2,3,5,7,8,10,13,15 	14
1,2,7,13,15 	10
2,5,9,10,12,13 	30
2,4,6,9,13 	1
2,4,6,9,10 	1
4,5,7,11,13 	1
2,3,4,5,6,8,9,10,11,13,15 	4
1,2,4,5,7,8,10,13,14,15 	9
1,2,4,5,8,9,10,11,12,13,15 	3
2,4,5,7,12,13,15 	3
2,5,6,7,9,11,13,15 	11
1,2,5,6,7,8,9,10,11,13 	4
2,4,6,11,12,13,14 	7
2,5,6,7,8,9,10,11,12,13,14,15 	1
1,2,4,5,7,8,9,10,11,13,15 	187
1,2,4,5,7,8,9,10,11,13,14 	8
1,2,3,5,7,9,10,13,15 	6
1,5,7,9 	2
2,3,4,5,6,7,8,9,10,11,13 	1
1,5,7,8 	1
1,2,3,4,5,6,7,9,10,13,15 	1
1,2,4,5,8,9,10,15 	1
2,4,5,8,12,15 	1
2,4,5,8,12,13 	114
1,2,4,5,8,9,10,13 	37
2,9,10,13 	7418
2,9,10,14 	2
2,9,10,11 	4
2,3,4,5,7,8,10,13,15 	10
2,9,10,12 	8
2,3,4,5,7,8,10,13,14 	1
2,9,10,15 	36
1,2,3,5,7,9,13 	3
2,3,4,5,8,12,13,14,15 	2
2,3,4,5,6,8,9,13,15 	4
2,7,8,11,12,13,14 	1
2,5,7,8,9,10,13,14 	4
2,4,5,6,8,9,10,11,12,13,14,15 	3
2,5,7,8,9,10,13,15 	369
2,4,5,6,9,13,15 	94
1,2,5,7,9 	21
3,4,5,8,13,15 	4
8,13,14 	8114
2,4,5,6,9,13,14 	6
8,13,15 	357
1,2,6,7,13 	24
1,2,5,7,8 	5
2,4,5,7,9,13,14,15 	5
2,3,7,13 	2
2,5,6,7,9,13,15 	53
2,4,7,13,14,15 	15
2,5,6,7,9,13,14 	6
1,2,5,6,8,9,10,13,15 	73
2,3,7,10 	1
1,2,5,6,8,9,10,13,14 	1
1,2,4,5,6,7,9,13 	29
2,5,8,13 	87616
1,2,4,5,6,10,11,13 	1
2,5,8,12 	13
2,3,4,5,6,8,9,10,13,15 	8
2,5,8,11 	418
2,5,8,10 	1123
2,5,8,15 	1064
1,2,3,5,9,13 	12
2,5,8,14 	90
1,2,3,5,9,15 	3
1,2,5,7,8,9,13,15 	34
2,4,5,7,10,13,14 	5
2,4,5,7,10,13,15 	315
2,6,7,8,11,13 	3
1,2,4,5,8,10,12,13,14 	1
5,9,15 	44109
1,2,4,5,8,10,12,13,15 	13
5,9,14 	190
5,9,13 	27208
2,6,9,10,13,15 	6
5,9,12 	19
5,9,11 	188
2,3,5,7 	24
2,3,5,8 	128
5,9,10 	578
2,3,5,9 	2193
2,4,5,9,10,14,15 	1
1,2,5,6,7,9,13 	142
2,3,5,14,15 	4
2,5,8,9,10 	190
1,2,4,5,7,9,10,13,15 	249
2,5,8,9,11 	16
2,5,8,9,14 	6
2,5,8,9,13 	7289
2,5,8,9,15 	194
2,3,5,8,9 	8
7,15 	715
2,3,5,9,10,13,15 	58
7,14 	14
2,7,8,11,13 	89
3,4,5,7 	3
7,11 	13
7,10 	1066
2,5,6,7,8,9,11,13 	4
7,13 	11395
7,12 	5
2,4,5,6,9 	1
2,4,5,7,9,10,11,12,13,15 	1
2,4,5,6,8 	1
3,4,5,8 	2
2,3,4,5,9,15 	29
3,4,5,9 	1024
2,4,5,8,9,10,11,13,14 	6
2,4,5,8,9,10,11,13,15 	141
2,3,5,6,7,8,9,11,13 	1
2,3,4,5,9,10 	3
2,3,4,5,9,11 	1
2,3,4,5,9,13 	105
2,3,5,8,9,11,13 	14
1,5,9,13 	163
1,2,4,5,8,10,11,12,13,15 	2
1,2,3,4,5,8,9,11,13 	3
1,5,9,12 	1
2,3,5,8,14,15 	1
1,5,9,10 	3
1,5,9,15 	13
2,5,7,8,9,10 	45
2,5,7,8,9,13 	319
2,5,7,8,9,12 	1
2,5,7,8,9,15 	14
2,4,5,8,9,10,11,15 	1
2,4,5,8,9,10,11,13 	66
2,8,12,13 	124
5,7,8,13,15 	18
1,4,5,6 	1
1,4,5,7 	1
1,4,5,8 	1
2,8,10,14,15 	1
1,4,5,9 	6
2,4,5,6,7,8,12,13 	2
2,5,7,10,11,13 	78
1,2,4,9,10,13,15 	1
2,4,5,7,10,13,14,15 	2
2,3,5,7,8,9,13 	6
2,5,15 	82464
2,5,14 	206
2,6,7,9,10,12,13 	1
2,5,13 	648049
2,5,12 	79
2,5,11 	2759
2,5,10 	9926
2,4,5,6,9,10,11,13,15 	2
2,8,12,15 	1
2,4,14,15 	4
2,10,13,14,15 	2
1,2,4,5,7,8,11,12,13,14 	2
1,5,8,9,13,15 	1
2,3,4,5,6,9,10,13,15 	1
1,2,4,5,6,8,9,11,12,13,14,15 	1
1,5,11,13,15 	1
1,2,3,5,7,8,9,10,13,15 	10
2,3,5,6,8,12,13 	1
3,4,5,7,15 	1
1,2,3,4,5,6,9,13,15 	3
1,2,4,5,6,7,8,9,10,13,14,15 	15
2,6,8,10,13,15 	1
1,2,5,6,7,8,10,11,13 	2
4,6,12,13 	1
1,2,5,6,7,8,13,15 	4
1,2,4,5,6,7,8,9,13 	34
1,2,5,6,7,8,13,14 	1
2,8,9,10,13,15 	8
2,3,4,5,8,9,11,13 	20
1,2,7,8,12,13 	1
7,11,13 	4
1,2,5,6,8,9,12,13,15 	2
2,5,7,8,9,10,12,13,15 	9
1,2,3,4,5,8,9,10,13,14,15 	7
2,4,5,6,7,8,9,10,11,13 	5
2,3,4,5,6,8,9,13,14,15 	1
2,3,5,6,9,11,13,15 	1
2,4,7,10,13,15 	42
2,8,10,12,13,15 	2
1,2,4,5,6,8,10,11,13,15 	2
1,2,7,8,10,11,13,14 	1
2,4,7,10,13,14 	1
1,2,5,6,9,13 	1390
2,3,4,5,6,9,13 	2
6,7,10,13,15 	1
1,2,5,9,10,11,13,14,15 	1
2,4,7,12,13 	1446
2,4,5,7,9,10,11 	1
2,4,5,7,9,10,13 	309
2,7,10,11,13 	27
2,4,6,7,8,11,12,13 	89
1,2,5,6,9,15 	3
2,5,6,11,13 	7
2,4,5,7,9,10,14 	1
2,4,7,11,13,14,15 	5
1,2,4,6,8,12,13,14 	30
1,2,4,5,6,8,9,10,12,13,14 	1
1,2,4,5,6,8,9,10,12,13,15 	40
1,2,3,5,7,8,10,13,15 	4
2,5,6,10,11,13 	1
2,5,10,12,13,15 	15
5,6 	81
5,7 	6346
5,8 	68070
5,9 	2912488
2,3,5,6,8,9,10,13,15 	2
1,2,5,9,10,13,14,15 	4
14,15 	64
1,2,4,5,8,13 	58
1,2,4,5,8,15 	2
1,2,5,8,9,11,13,14,15 	1
2,3,5,6,7,8,9,11,13,15 	1
2,3,5,6,11,13 	1
1,2,4,5,6,8,9,10,11,12,13,15 	20
2,4,8,9,11,13 	1
2,4,5,7,8,9,10,12,13 	3
2,5,7,9,11,13,15 	9
3,5,7,8 	2
2,6,7,8,9,10 	1
1,2,4,5,6,7,8,9,10,12,13 	1
1,2,5,8,10 	12
1,9,13,15 	2
5,6,9 	37
5,6,8 	5
5,6,7 	1
3,4,5,10,13 	1
1,5,8,9,13 	13
2,7,10,15 	65
1,5,8,9,15 	1
2,7,10,13 	3003
2,7,10,14 	2
1,5,8,13,15 	8
2,4,6,8,11,12,13,14,15 	7
1,2,4,5,7,8,9,10,11,12,13,15 	16
1,2,4,5,7,8,9,10,11,12,13,14 	1
5,6,8,9 	2
2,4,5,6,8,11,13,14,15 	2
2,5,8,9,13,14,15 	20
2,4,5,7,8,9,12,13 	3
5,8,9,10,13,15 	5
2,6,8,11,13 	8
1,2,5,7,8,9,10,13,14,15 	7
2,3,5,10,11,13 	24
2,3,4,5,7,9,10,11,13,15 	1
2,4,5,8,9,11,13,15 	128
2,7,10,11 	7
2,7,10,12 	2
2,4,5,8,9,11,13,14 	34
1,2,4,5,7,10,11,13 	14
2,4,5,8,12,13,15 	245
1,2,4,5,6,7,9,13,15 	18
1,2,4,5,6,7,9,13,14 	2
2,5,6,9,11,13 	44
1,2,4,7,10,11,13,15 	3
2,5,6,8,9,10,13 	78
2,5,6,8,9,10,15 	2
4,5,9,11,13 	6
1,2,5,7,10,11,13 	12
1,2,4,5,8,12,13 	1
1,2,3,5,6,8,11,13,15 	1
2,4,6,8,12,13 	4400
2,7,9,11,13,15 	2
2,4,5,8,12,13,14 	55
3,5,10 	10
1,2,5,6,7,8,9,11,13 	5
2,4,5,6,8,11,13,15 	7
2,4,5,6,8,11,13,14 	13
1,4,5,11,13 	2
1,2,5,8,15 	6
2,3,10,13 	2
2,5,9,10,12,13,15 	24
1,2,4,5,6,8,13,14 	1
1,2,5,8,11 	1
1,2,5,8,13 	405
1,2,4,5,11,13,15 	11
3,5,14 	4
3,5,13 	28456
1,2,3,5,9,10,13 	5
3,5,11 	532
2,4,9,10,11,13 	1
3,5,15 	119790
2,9,10,11,13,15 	4
2,4,9,15 	9
2,9,10,11,13,14 	1
2,4,9,14 	1
2,4,9,13 	195
1,2,3,5,7,8,9,13 	2
2,4,9,12 	1
2,4,9,10 	44
1,2,5,7,10,11,13,15 	13
1,2,4,5,6,8,13,15 	2
4,7,10 	9
4,7,13 	184
4,7,12 	1
4,7,15 	10
2,4,6,7,13,14 	1095
1,2,3,4,5,8,13,15 	11
1,2,5,6,10,13,14,15 	1
5,9,11,13 	52
5,9,11,15 	10
8,11,13,14 	166
1,2,3,4,5,7,9,10,13,15 	13
2,5,9,10,11,12,13 	1
1,2,3,4,5,10,11,13 	1
2,3,4,5,7,8,9,10,11,13 	1
2,8,9 	4098
2,5,9,12,15 	3
2,4,5,7,9,10,15 	5
2,4,5,8,9,11,13,14,15 	31
2,5,9,12,13 	46
5,10,13,15 	264
2,4,6,7,8,12,13 	191
2,3,4,10,13 	1
2,5,8,11,13,14 	385
2,5,8,11,13,15 	700
2,4,5,7,8,10 	8
2,4,5,7,8,9,11,12,13,14,15 	1
2,4,5,7,8,13 	550
2,4,5,7,8,15 	4
2,11,13,15 	17
2,11,13,14 	188
2,4,5,7,10,11 	1
1,2,4,5,7,9,15 	2
1,2,5,9,10,11 	2
3,11,13 	4
2,3,5,8,10,11,13,14,15 	2
1,2,4,5,7,9,10 	3
5,12,13,15 	3
1,2,4,5,7,9,10,12,13,14,15 	5
2,4,5,7,10,15 	11
1,2,3,5,8,9,11,13,15 	15
1,2,5,9,10,15 	2
2,4,5,7,10,13 	656
1,2,3,5,8,9,11,13,14 	1
1,2,4,5,7,9,13 	28
1,2,5,9,10,13 	204
2,3,4,5,7,10,13 	9
2,4,6,8,11,12,13,14 	842
2,4,6,8,11,12,13,15 	3
2,4,5,6,7,9,13 	39
2,5,6,7,9,10,11,13 	2
2,4,5,6,7,10,13 	4
4,10,13 	13
2,4,5,8,9,13,15 	542
1,2,5,6,11,13 	3
2,3,5,7,8,9,10,12,13,15 	1
2,4,5,8,9,13,14 	47
4,10,15 	2
1,2,5,7,8,9,10,12,13,14,15 	1
1,2,4,5,6,7,9,10,13,14,15 	5
1,2,5,6,7,8,9,10,12,13,15 	2
2,4,5,7,8,13,14,15 	8
2,3,4,5,8,11,13,14,15 	14
2,3,5,6,8,9,11,13 	2
2,4,5,9,10,12,13,14,15 	4
2,5,6,8,9,13,14 	6
1,2,4,5,6,7,13 	2
5,7,8,9,10 	3
1,2,3,4,5,9,10,13,15 	16
1,4,5,6,15 	1
5,7,8,9,13 	14
1,4,5,6,13 	1
5,7,8,9,15 	1
2,6,8,12,13,14,15 	1
2,4,8,11,12,13,14,15 	4
2,4,5,6,7,8,11,12,13,15 	79
2,4,5,6,7,8,11,12,13,14 	478
2,4,5,7,8,9,10,11,12,13,14,15 	3
4,5,6,8,9,13 	1
2,5,6,8,9,13,15 	82
4,5,6,8,9,11 	1
2,5,6,7,8,9,13,14,15 	1
3,5,9,13,15 	70
5,11,13,14,15 	1
1,5,9 	279
1,2,5,7,8,9,10,13 	55
1,5,8 	54
1,5,7 	10
1,5,6 	21
2,4,5,8,10,12,13,14,15 	9
2,5,6,7,9,10,13 	23
1,2,8,9,13 	2
1,5,6,7,9,13 	2
2,4,5,6,7,8,10,11,12,13,15 	2
2,4,5,6,7,8,10,11,12,13,14 	24
1,2,3,5,6,13 	2
2,4,5,10,12,13 	2
8,10,13 	422
2,4,5,9,10,11,13 	20
4,5,13,14,15 	2
8,10,11 	6
8,10,15 	12
2,9,13,14 	8
2,9,13,15 	696
1,2,5,8,9,10,11,13 	20
2,4,7,9,10,13,15 	15
4,11 	247
4,12 	2502
4,13 	265976
1,2,4,8,12,13,14 	28
4,14 	328
2,4,5,7,8,11,12,13,15 	2
4,15 	7488
6,9,10 	1
2,4,5,7,8,11,12,13,14 	5
1,2,4,5,6,7,8,10,11,13 	4
1,3,5,11,13 	1
6,9,13 	15
2,8,13 	150523
2,8,14 	584
2,8,15 	732
4,10 	84
2,8,10,13,14,15 	1
2,8,10 	2848
2,8,11 	146
1,2,4,5,6,7,9,11,13,15 	4
2,8,12 	196
1,2,8,10,13,15 	8
7,8,13,15 	2
5,9,14,15 	3
2,4,7,11,12,13,14,15 	1
1,2,4,5,7,8,12,13,15 	1
1,2,8,10 	5
2,4,8,9 	2
1,2,8,13 	60
1,2,5,11,13,15 	23
1,2,5,11,13,14 	3
2,6,8,10 	1
2,4,5,7,9,13,15 	127
2,4,5,7,9,13,14 	3
2,6,8,12 	1
2,6,8,13 	188
2,4,8,11,12,13 	334
1,2,5,7,9,10,11,13,15 	22
1,2,4,6,8,12,13 	31
2,9,10,12,13 	37
2,4,7,8,11 	9
2,4,7,8,10 	10
1,2,5,7,8,10,13,14,15 	2
1,2,5,9,11,13,15 	15
2,4,7,8,15 	2
2,4,6,8,11,13,15 	1
1,2,4,5,6,8,9,13,14,15 	2
2,4,6,8,11,13,14 	127
2,4,7,8,13 	9027
4,5,7,8,11,13 	1
4,7,8,10,13 	1
1,2,4,5,6,7,8,9,10,12,13,15 	26
1,2,5,7,8,9,10,11,13 	15
1,2,4,5,6,7,8,9,10,12,13,14 	1
1,2,4,10,11,13 	2
1,2,6,7,10,13 	1
2,4,13,14,15 	61
1,2,3,4,5,8,13 	4
2,4,6,13,14,15 	1
2,5,7,8,9,11,12,13 	1
2,5,7,10,14,15 	1
2,5,6,8,9,11,12,13,14,15 	1
1,2,4,5,8,9,10,11,13,14 	4
1,2,4,5,8,9,10,11,13,15 	137
2,5,7,8,10,11 	2
2,5,7,8,10,14 	1
1,2,5,6,7 	2
2,5,7,8,10,15 	34
2,5,6,9,10,13,14,15 	2
1,2,5,6,9 	43
2,5,7,8,10,13 	805
1,2,5,6,8 	2
2,3,5,7,9,10,13,15 	6
5,7,8,9,13,15 	1
2,3,4,5,8,9,11,13,14,15 	3
2,7,8,9,13,14 	1
2,7,8,9,13,15 	10
2,6,7,8,11,12,13,14 	2
1,2,5,6,10,13,15 	4
2,3,5,9,13,14,15 	1
1,5,6,9 	20
2,3,4,5,8,9,10,11,13,14,15 	4
4,5,8,10,11,13 	1
1,2,5,7,8,13,14 	2
1,2,5,7,8,13,15 	27
1,5,10,13 	8
2,4,5,6,8,9,11,13,14,15 	3
2,6,8,12,13,14 	26
2,4,5,9,13,14 	19
2,4,5,9,13,15 	710
2,3,5,7,10,11,13,15 	1
1,2,4,5,8,9,10,11,13,14,15 	25
2,5,10,13,14 	20
2,5,10,13,15 	4722
1,2,5,7,10,11,13,14,15 	1
1,2,4,5,6,7,8,10,11,13,14,15 	5
1,2,4,5,7,8,11,13,14,15 	1
1,2,5,8,9,12,13 	3
2,3,4,5,11 	36
2,3,4,5,10 	12
2,3,4,5,15 	405
2,3,4,5,13 	4325
2,3,4,5,14 	1
2,5,6,9,10,13,14 	2
2,5,6,9,10,13,15 	79
1,2,4,5,7,9,11,12,13 	1
5,14,15 	11
2,4,7,12,13,14 	937
2,4,7,12,13,15 	1
2,4,5,7,9,10,13,15 	336
2,4,5,7,9,10,13,14 	2
1,2,3,5,9,10,11,13 	2
2,5,13,15 	89761
2,5,13,14 	1673
2,3,4,5,6,7,8,10,11,13 	1
2,4,5,7,8,10,13,14,15 	14
2,5,7,9,10,12,13,15 	21
6,8,10,13 	1
1,2,3,4,5,6,8,9,10,13,14,15 	1
1,2,3,4,5,7,10,13,14,15 	1
1,7,10,13 	1
1,2,5,6,10,11,13,14,15 	1
2,5,6,9,12,13,15 	1
1,2,4,5,9,10,12,13 	1
2,8,11,13,15 	8
2,8,11,13,14 	61
1,4,5,8,9,13 	1
2,4,5,7,9,10,11,13,15 	18
1,4,5,8,9,15 	1
2,7,13,15 	188
2,7,13,14 	40
2,3,8,13,15 	2
2,6,7,8,11,12,13,14,15 	1
1,2,3,4,5,8,10,11,13,14 	1
1,2,3,4,5,8,10,11,13,15 	52
2,4,5,7,9,12,13,15 	7
2,3,4,5,7,11,13,15 	1
1,2,5,6,8,10,13 	8
2,4,5,6,8,10,12,13,14,15 	9
2,7,9,10,15 	12
2,7,9,10,14 	1
2,7,9,10,13 	1608
2,4,15 	765
2,4,13 	1115726
2,5,6,9,13,14,15 	14
2,4,14 	2514
2,4,11 	53
2,4,12 	384
2,4,10 	658
2,3,4,5,9,10,13,15 	62
1,2,5,6,8,13,15 	15
2,4,5,8,9,10,11,12,13,14,15 	4
5,8,13,15 	1135
5,8,13,14 	31
2,3,4,5,6,7,8,11,12,13,15 	1
2,4,5,9,15 	128
1,2,4,5,6,7,9,10,13 	6
1,2,4,5,7,8,10,11,13 	37
1,2,5,6,8,9,10,13 	60
1,2,4,5,7,8,11,12,13,14,15 	2
2,4,5,8,11,13,14,15 	303
2,5,9,10,13,14,15 	8
1,2,5,6,7,8,9,12,13,15 	1
2,4,5,7,11,13,15 	5
1,2,3,4,5,6,8,9,10,12,13,15 	1
2,4,7,11,14 	2
2,6,7,8,13,15 	1
1,2,5,11,15 	3
2,3,4,5,8,10,11,12,13,15 	3
1,2,5,11,13 	83
2,4,7,11,13 	21982
2,5,7,8,11,13,14 	2
2,4,5,7,8,9,11,13 	21
6,7 	26
6,8 	29
6,9 	34
2,5,7,8,11,13,15 	26
1,2,4,7,8,10,13 	1
2,4,5,7,11,13,14 	3
1,2,10 	245
2,8,9,13,15 	15
1,2,11 	4
2,8,9,13,14 	35
2,4,5,9,12,13,15 	7
1,2,13 	2182
1,2,14 	4
1,2,15 	30
2,4,5,9,10 	54
2,4,5,9,11 	4
2,4,5,9,14 	1
2,4,5,9,13 	1614
1,2,4,5,6,7,8,9,11,12,13,14,15 	2
1,2,5,10,11,13,14 	1
1,2,5,10,11,13,15 	17
2,4,5,7,11,13 	16
2,5,7,8,9,10,11,13 	42
2,5,10,12 	5
1,2,3,4,5,8,10,11,13 	6
2,5,10,11 	69
2,5,10,14 	4
2,5,10,13 	9859
7,12,13 	2
1,2,5,7,9,10,11,13 	8
2,4,5,11,13,14 	15
2,4,5,11,13,15 	305
2,4,5,9,10,12,13,15 	3
2,7,11,13 	80
2,7,9,10,11,13,15 	2
2,3,8,9,13 	1
3,5,11,13,15 	48
2,4,5,6,8,13,15 	90
2,4,5,6,8,13,14 	12
2,4,6,8,12,13,15 	33
2,4,7,10,12,13 	2
2,4,6,8,12,13,14 	1286
2,4,5,6,8,9,10,11,13,14 	1
2,4,5,6,8,9,10,11,13,15 	12
2,5,10,15 	999
2,4,5,6,7,8,9,10,13,14,15 	9
2,5,6,7,8,10,11,13,15 	2
2,4,5,9,12,13 	3
2,4,5,9,12,15 	1
2,3,4,5,10,11,13,14,15 	2
2,5,6,10,12,13 	1
2,4,7,8,9 	4
1,2,4,6,12,13 	1
1,2,5,7,9,10,11,12,13,15 	2
2,7,8,13,14 	13
2,4,5,8,9,10,15 	1
2,7,8,13,15 	24
1,2,4,5,6,8,9 	2
2,9,11,12,13 	1
2,4,9,12,13 	1
5,7,9 	565
5,7,8 	339
2,5,7,9,11,13 	28
1,2,3,5,7,8,10,11,13,15 	7
1,2,3,5,7,8,10,11,13,14 	1
2,5,6,8,10,11,13,15 	3
2,5,6,10,15 	1
2,5,6,10,13 	40
2,5,6,7,13,14 	1
4,5,7,13,14 	33
4,5,7,13,15 	21
2,5,6,7,13,15 	3
1,2,3,5,11,13,15 	14
4,5,9,11,13,15 	1
1,2,4,5,7,13,14 	8
1,2,4,5,7,13,15 	21
1,2,3,4,5,9,13,15 	5
1,2,6,9,10,13 	1
2,4,5,7,13,14,15 	2
1,2,4,5,7,8,9,10,12,13,15 	16
5,7,8,10,13,15 	4
1,2,5,6,7,8,9,10,13 	26
2,5,8,11,12 	1
2,12,13,14,15 	2
2,5,8,11,13 	3248
2,5,8,11,14 	11
2,5,8,11,15 	25
4,8,11,12,13 	32
4,7,13,15 	9
1,5,6,9,13 	17
1,2,4,8,11,12,13 	5
2,3,5,8,9,10,13,15 	52
3,5,9,13 	87
3,5,9,15 	841
2,12,14 	6
3,5,8,11,13 	9
2,12,15 	18
2,4,5,10,15 	47
2,12,13 	1639
1,2,5,6,7,9,10,11,13 	4
2,4,5,10,12 	1
2,4,5,10,11 	5
2,3,4,5,11,13,15 	1241
2,4,5,10,14 	1
2,4,5,10,13 	1014
2,4,5,6,8,9,10,11,13,14,15 	1
4,7,8,13 	10
2,4,7,9,10,12,13,15 	1
4,7,8,15 	1
2,3,4,5,6,8,11,12,13,15 	2
2,4,7,8,11,13,14,15 	1
2,5,6,8,11,13 	9
1,15 	27
2,4,5,6,7,8,9,10,11,13,15 	23
1,13 	1021
1,10 	16
1,11 	9
2,4,5,6,7,8,9,10,11,13,14 	1
5,6,12,13 	2
2,4,6,7,13,14,15 	2
5,11,14 	17
5,11,15 	702
1,5,6,13,15 	1
2,5,9,10,11,13,15 	41
2,5,9,10,11,13,14 	1
1,2,4,5,6,7,8,9,11,13 	4
2,6,7,11,12,13 	1
1,2,3,5,6,7,8,9,10,13 	6
1,2,4,5,8,11,13 	53
5,11,12 	2
1,2,5,6,7,8,9,10,12,13 	1
5,11,13 	3329
2,4,10,13,15 	57
2,4,10,13,14 	4
1,2,5,6,8,9,10,13,14,15 	1
2,4,5,13,14,15 	35
1,2,4,5,8,10,11,13 	42
2,13,14,15 	88
1,2,5,6,8,9,10,11,13,15 	14
2,5,8,9,10,12,13 	11
5,11,12,13 	3
2,4,11,12,13,15 	4
2,4,11,12,13,14 	70
1,2,4,11,13,15 	1
1,2,4,5,6,7,8,9,10,11,12,13 	1
2,3,5,8,9,10,11,13,14,15 	2
2,5,8,9,12,13,15 	16
4,8,11,12,13,14 	13
3,10,13 	1
2,5,6,7,8,9,12,13,15 	1
1,2,4,5,7,8,13 	17
1,2,3,4,5,10,13 	10
2,4,6,8,11,13 	473
1,2,4,5,7,8,10,11,12,13 	1
4,8,10 	11
2,5,8,11,12,13 	4
4,8,13 	5633
4,8,14 	34
4,8,11 	4
4,8,12 	547
1,2,3,5,8,11,13 	13
4,8,15 	30
2,7,10,12,13 	9
2,4,7,11,12,13,14 	570
1,2,6,8,12,13 	1
1,2,3,4,5,6,7,8,9,10,13 	3
2,4,5,6,8,10,11,12,13,15 	4
2,4,5,6,8,9,10,13,14,15 	5
3,5,7,13,15 	1
2,8,11,12,13,14 	4
4,5,6 	2
4,5,8 	915
4,5,7 	161
4,5,9 	1985
2,7,8,9 	46
2,3,4,5,13,14,15 	4
2,4,5,6,9,11,13 	9
3,4,5,8,11,13 	1
1,2,3,5,6,9,13 	1
1,4,5,13,15 	12
2,5,8,14,15 	6
1,2,4,7,11,12,13 	1
2,5,6,8,11,13,15 	3
2,5,6,8,11,13,14 	2
2,6,8,11,12,13 	2
1,2,9,13,15 	6
1,2,4,6,7,13 	2
2,4,5,7,8,10,11,12,13,14 	2
2,4,5,7,8,10,11,12,13,15 	4
5,7,15 	357
11,12,13,14 	1
2,4,12,14 	21
1,2,4,5,8,9,10,13,14,15 	10
2,4,12,13 	5574
2,4,5,8,10,11,13,15 	238
2,4,5,7,9,10,11,12,13 	1
2,4,5,8,10,11,13,14 	32
1,2,3,5,7,13 	1
5,7,13 	990
5,7,14 	2
5,7,11 	12
5,7,12 	2
5,7,10 	143
1,2,5,7,10,12,13,15 	3
1,2,3,4,5,7,8,11,12,13,15 	1
1,2,3,4,5,6,7,9,10,13 	1
2,7,12,13,15 	2
2,5,7,8,13 	1360
2,5,7,8,15 	31
2,5,7,8,10 	162
2,5,7,8,11 	3
1,2,4,13,14 	2
1,2,4,13,15 	4
2,4,7,8,12,13,15 	2
2,4,7,8,12,13,14 	125
1,2,5,6,9,11,13 	33
2,5,6,7,8,10,11,13 	3
1,2,4,6,8,13,14 	8
2,5,7,8,13,15 	280
1,5,13,15 	58
1,5,13,14 	1
2,4,5,8,10,12,13 	9
2,3,5,6,8,9,10,13 	2
2,5,7,8,13,14 	10
1,5,10,13,15 	2
1,2,7,9,12,13 	2
1,6,8 	1
2,4,5,6,8,9,11,12,13,14 	2
2,4,5,6,8,9,11,12,13,15 	4
4,12,13,14 	12
4,5,8,10,11,13,15 	1
4,12,13,15 	5
2,8,10,12,13 	6
1,2,5,7,8,10,13 	62
2,3,5,7,8,9,11,13,15 	1
1,2,5,9,13,14 	11
1,2,5,9,13,15 	297
1,2,4,5,6,10,13 	1
2,4,5,6,9,10,13,14 	1
2,4,5,6,9,10,13,15 	28
2,4,8,12,13,15 	30
2,4,8,12,13,14 	959
1,5,8,9,11,13 	1
1,2,5,10,12,13 	3
2,4,5,9,10,12,13 	3
2,10,12,15 	1
2,3,5,7,9,13 	7
1,2,5,8,10,11,13 	46
2,10,12,13 	88
2,3,5,7,9,10 	1
1,2,4,5,8,9,10,12,13,14,15 	1
1,2,4,5,13,14,15 	3
3,8,11,13 	1
2,4,6,13,14 	1102
2,4,6,13,15 	7
2,4,5,7,8,10,11,13,15 	90
2,4,5,7,8,10,11,13,14 	17
4,13,15 	729
2,7,8,9,10,15 	1
4,13,14 	1171
2,7,8,9,10,13 	50
1,2,4,5,6,7,8,9,10,11,12,13,14,15 	5
2,3,5,9,10,11,13 	1
2,5,6,7,10,13,15 	3
1,2,4,5,6,8,11,12,13,14,15 	10
1,2,4,5,6,7,8,10,11,12,13,14 	30
2,3,9,10,13 	1
1,2,4,5,6,7,8,10,11,12,13,15 	2
2,4,5,6,8,9,11,13 	6
1,2,7,9,10,13,15 	10
2,5,7,12,13,15 	2
2,3,4,5,7,15 	4
2,3,4,5,7,13 	10
2,3,4,5,6,7,8,9,11,13 	1
5,8,10,12 	2
5,8,10,11 	10
5,8,10,13 	392
2,3,4,5,8,10,12,13,15 	1
5,8,10,15 	26
2,5,6,8,10,13,14,15 	2
10,13,14 	1
10,13,15 	169
1,2,5,6,8,9,13,15 	62
1,2,5,6,8,9,13,14 	4
1,4,5,9,13 	4
7,8,12,13 	1
1,2,5,8,10,11,12,13 	1
1,2,4,5,7,8,9,13,14,15 	1
5,7,9,13,15 	68
2,5,8,9,10,12,13,15 	12
2,4,5,8,9,10,13,15 	546
2,4,5,8,9,10,13,14 	9
4,5,7,10,13,15 	1
1,2,7,8,10,11,13 	1
2,4,5,8,9,10,13 	346
5,9,10,11,13 	1
2,8,9,10,15 	2
2,7,12 	12
2,7,13 	6912
2,7,14 	7
2,7,15 	190
1,2,4,5,8,10,11,13,15 	72
1,2,4,5,8,10,11,13,14 	8
2,4,5,8,12,13,14,15 	32
1,2,5,6,7,8,10,13 	4
2,3,4,5,6,7,8,9,10,13,15 	10
2,7,10 	3541
2,5,9,11,12,13 	1
2,7,11 	8
2,3,4,5,6,7,8,9,10,13,14 	1
2,8,9,10,13 	127
2,4,5,8,14,15 	3
2,4,5,6,13 	82
1,4,6,13 	3
2,4,5,6,7,8,10,12,13,15 	8
4,7,9,13,15 	1
1,2,4,5,7,9,10,11,13 	11
2,5,7,8,13,14,15 	3
2,5,13,14,15 	66
1,2,5,6,9,10,11,13 	7
2,4,5,6,8,9,10,12,13 	7
2,7,9,11,13 	2
2,5,6,10,12,13,15 	1
2,7,8,10,11,13 	5
2,8,10,11,13,15 	2
2,4,5,7,8,9,11,13,14 	3
2,4,5,7,8,9,11,13,15 	20
11,13,15 	4
2,6,7,10,13 	3
11,13,14 	260
1,2,4,5,10,12,13,15 	1
2,5,6,8,11,12,13,14 	5
2,5,6,8,11,12,13,15 	1
1,2,4,5,6,7,8,9,13,14,15 	3
5,6,8,10,13 	1
2,3,5,6,7,8,9,13,15 	2
2,4,5,9,10,11,13,14,15 	2
2,4,5,6,10 	1
2,3,5,9,12,13 	2
1,2,5,10 	68
1,2,3,4,5,8,9,10,11,13,14,15 	25
1,2,5,13 	1756
1,2,3,5,8,10,13,15 	11
1,2,5,11 	8
1,2,5,12 	1
1,2,5,15 	73
9,13,14 	1
9,13,15 	637
1,2,5,6,8,9,10,11,13 	6
2,4,7,10,11,13,15 	1
1,2,3,4,5,8,10,13 	4
1,2,4,5,9,10,11,13 	8
2,5,6,10 	7
2,5,6,15 	7
2,5,6,13 	662
2,5,6,12 	2
7,9,10,13 	1
1,2,7,9 	13
2,4,5,8,9,12,13,14,15 	8
3,4,5,7,13,15 	1
2,4,7,8,12,13,14,15 	1
5,7,9,10,13,15 	4
2,9,12,15 	9
2,9,12,13 	39
1,2,5,7,8,10,11,13,14,15 	2
2,3,7,9 	2
1,2,5,7,8,10,11,13 	20
11,12 	7
11,14 	1188
11,13 	5514
2,4,5,8,10,11,13,14,15 	79
1,2,4,5,7,8,11,13 	6
1,2,9,10,11,13 	1
11,15 	50
2,3,4,5,13,14 	854
2,3,4,5,13,15 	2884
1,2,3,4,5,7,8,11,13,15 	3
7,8 	753
7,9 	3154
2,4,5,6,7,8,9,11,13 	3
7,8,10 	54
7,8,11 	2
7,8,13 	99
7,8,14 	1
7,8,15 	8
1,2,5,6,13 	399
2,8,14,15 	4
1,2,5,6,10 	1
1,2,4,5,6,7,8,12,13,15 	1
1,2,3,4,5,7,9,10,11,13,14,15 	1
4,5,8,11,13,14 	5
4,5,8,11,13,15 	20
2,4,7,14 	5
2,4,7,15 	9
2,5,8,9,11,12,13,15 	3
2,3,4,5,8,10,11,13,14 	2
2,4,7,12 	1
2,3,4,5,8,10,11,13,15 	34
2,4,7,13 	14090
2,4,7,10 	256
2,4,7,11 	25
5,7,8,10 	30
5,7,9,11,13,15 	1
1,2,3,5,6,7,8,9,10,11,13,15 	1
2,4,5,6,8,9,10,11,12,13,15 	10
2,5,7,8,10,11,12,13 	3
4,6,8 	1
2,4,5,7,8,11,13,14,15 	6
2,4,10,12,13,15 	1
1,2,4,5,6,9,10,11,13,15 	2
2,5,7,8,9,10,11,13,14,15 	3
5,7,8,11 	2
2,3,5,6,13,15 	3
5,7,8,13 	188
2,4,5,10,11,13,14,15 	1
5,7,8,15 	13
2,4,5,6,8,10,11,13 	5
2,4,6,12,13,14 	44
2,4,6,12,13,15 	7
9,10 	13
9,11 	2
2,3,4,5,8,9,12,13,15 	2
9,14 	3
9,15 	8599
9,12 	4
9,13 	4632
2,5,6,9,10,12,15 	1
2,8,11,12,13 	8
2,6,8,9,10,13 	3
2,3,4,5,7,8,13,14 	1
2,3,4,5,7,8,13,15 	9
2,5,6,9,10,12,13 	3
1,2,3,4,5,9,10,13 	1
2,5,6,8,10,13,15 	53
1,2,5,7,10,13,14,15 	2
3,13,15 	2
2,6,7,8 	1
2,6,7,9 	5
4,6,7,8,12,13 	9
2,3,12,13 	2
2,5,8,11,12,13,14,15 	1
1,2,5,6,7,8,10,12,13,15 	1
2,4,5,6,10,13,15 	10
1,2,4,7,8,10,13,15 	1
1,7,9,13 	1
5,7,8,10,15 	4
2,10,11,13,15 	10
2,4,5,7,8,10,12,13,15 	8
2,5,6,7,9,10,13,14 	2
2,5,6,7,9,10,13,15 	16
2,3,4,5,8,9,10,12,13,15 	4
5,7,8,10,13 	20
1,2,3,5,7,8,10,11,13 	1
1,2,3,5,9,11,13,15 	5
2,5,9,11 	74
1,2,3,4,5,13,14 	1364
1,2,3,4,5,13,15 	23
2,5,9,12 	20
2,5,9,13 	63802
1,2,4,7,9,13,15 	3
2,4,5,8,10,13,14,15 	55
2,5,9,14 	68
2,3,5,8,12,13,15 	2
2,5,9,10 	1393
2,5,9,15 	5240
2,3,4,5,7,8,9,10,13,15 	32
1,2,3,5,6,7,8,9,13 	1
5,10,11,15 	3
5,10,11,13 	19
2,3,4,5,8,9,13,15 	47
2,5,9,14,15 	3
3,5,7,8,15 	1
3,5,7,8,13 	2
2,4,5,6,7,8,9,10,13,14 	2
1,2,4,5,7,10,13 	95
2,4,5,6,7,8,9,10,13,15 	72
1,2,8,13,15 	5
1,2,8,13,14 	1
2,3,4,5,8,12,13 	2
1,2,4,5,7,10,15 	1
4,5,7,11 	1
4,5,7,13 	87
1,2,4,5,9,11,13 	2
4,5,7,10 	4
2,4,7,8,9,13 	10
1,2,4,5,7,8,10,12,13,15 	9
1,2,10,11,13,15 	1
4,5,7,15 	13
1,2,4,5,6,7,8,10,11,13,15 	5
1,2,4,5,6,7,8,10,11,13,14 	2
2,3,4,5,6,7,9,13 	1
4,5,11,13,14 	7
4,5,11,13,15 	38
2,4,7,8,9,10 	3
2,4,5,7,8,10,11,12,13,14,15 	4
1,2,4,5,8,9,11,13,14,15 	12
2,5,6,13,15 	75
2,5,6,13,14 	5
2,6,12,13,14 	2
2,6,12,13,15 	1
2,3,4,5,8,10,13,15 	67
3,4,5 	1965
1,2,3,5,6,13,15 	2
5,6,8,9,13 	2
2,4,11,13,14 	1341
3,4,9 	5280
2,4,11,13,15 	4
1,2,4,5,6,7,9,10,11,13,14 	1
1,2,4,5,6,7,9,10,11,13,15 	5
2,4,5,6,7,8,9,10,12,13,15 	42
2,3,5,8,10,12,13,15 	3
1,2,5,8,9,10,11,12,13,15 	3
2,4,6,10,13 	3
1,2,4,6,13 	8
1,2,4,6,7,8,12,13,14 	2
1,2,5,6,8,10,12,13,15 	3
2,4,5,8,10,11,12,13,14,15 	15
1,2,5,7,9,15 	5
2,4,5,6,7,8,12,13,15 	5
2,4,5,6,7,8,12,13,14 	6
1,2,5,7,9,13 	148
2,4,6,11,13,15 	2
1,2,5,7,9,10 	8
2,4,6,11,13,14 	45
2,4,5,6,8,10,11,13,14,15 	1
1,2,3,4,5,7,13 	8
1,2,4,8,10,13 	1
2,6,7,8,10 	3
2,6,7,8,13 	20
2,4,8,9,13,14 	1
1,2,4,6,7,8,11,12,13,14 	6
1,4,5,9,13,15 	1
2,5,8,10,14,15 	1
1,2,5,7,8,10,12,13,14,15 	1
3,5,9,11,15 	2
2,3,5,7,8,13,14 	1
2,3,5,7,8,13,15 	9
2,7,11,13,15 	2
3,5,9,11,13 	3
2,7,11,13,14 	34
2,4,5,6,7,8,11,13,15 	3
2,4,5,6,7,8,11,13,14 	4
2,3,4,5,8,10,13,14,15 	1
1,2,3,5,7,13,14 	3
1,2,3,5,7,13,15 	1
1,2,4,7,10,13 	23
2,8,11,13,14,15 	1
2,9,12,13,15 	1
2,4,7,8,9,10,13,14,15 	1
2,4,5,7,8,10,13,14 	18
2,4,5,7,8,10,13,15 	337
2,6,8,13,15 	2
2,4,5,8,11,12,13,15 	13
2,4,5,8,11,12,13,14 	27
2,6,8,13,14 	7
4,5,8,13,14 	11
4,5,8,13,15 	92
1,5,11 	11
2,5,6,8,9,12,13 	4
1,5,10 	3
1,5,15 	74
5,8,9,10,13 	41
1,5,13 	561
5,8,9,10,15 	4
2,4,6,7,8,11,12,13,14,15 	3
2,5,7,13,15 	585
2,5,7,13,14 	8
2,4,5,6,7,8,9,10,11,12,13,14,15 	4
2,4,6,7,11,13 	646
2,4,6,7,11,13,14 	428
3,5,10,13 	8
2,4,7,8,13,15 	12
2,4,7,8,13,14 	1283
2,5,8,9,11,13,15 	177
1,2,4,7,9,13 	5
2,5,8,9,11,13,14 	16
2,4,6,7,12,13,14 	51
1,2,5,6,8,10,11,13,15 	2
1,5,7,11,13 	1
1,2,4,5,6,7,8,11,13,15 	1
1,2,6,7,9,12,13,15 	1
1,2,7,8,9,10,13 	2
3,4,5,9,15 	22
3,4,5,9,13 	46
1,5,8,11,13 	12
3,5,8,9,13,15 	2
4,5,12,13,15 	1
3,5,10,15 	1
2,6,7,9,10,13,15 	9
1,2,5,6,7,8,9,13,15 	26
2,3,4,5,6,7,8,11,12,13,14,15 	2
2,6,7,13,15 	1
2,6,7,13,14 	1
1,2,3,4,5,12,13,14 	5
1,2,4,5,10,12,13 	1
2,3,4,5,10,13 	218
2,4,5,8,11,13 	863
1,2,4,7,13,14 	1
2,5,7,8,12,13,15 	1
2,4,5,8,11,12 	1
2,3,4,5,10,15 	2
2,4,5,8,11,15 	4
1,2,4,10,13,15 	3
4,5,10 	31
4,5,11 	381
4,5,13 	9573
4,5,14 	12
2,3,5,10,11,13,15 	24
4,5,15 	2335
2,4,5,9,10,11,13,14 	1
2,4,5,9,10,11,13,15 	20
1,2,3,5,8,9,10,11,13 	1
2,6,11,13 	7
2,4,5,6,7,8,10,12,13,14,15 	1
2,4,7,9,10,11,13 	2
5,8,9,13,14 	3
1,2,4,5,7,8,9,10,11,12,13 	4
4,7,10,13 	2
5,8,9,13,15 	101
2,3,5,6,7,8,9,10,13 	2
1,2,5,8,10,12,13,15 	3
2,3,4,5,6,8,9,10,13,14,15 	1
1,2,4,9,13 	2
2,5,6,7,8,10,12,13,15 	2
2,5,7,9,10,12,13 	14
2,4,6,8,13 	6149
2,4,6,8,12 	5
4,5,7,10,13 	1
1,2,5,7,12,13,15 	1
2,4,5,8,10,11,12,13,15 	7
2,4,5,8,10,11,12,13,14 	1
1,3,5,9,15 	3
1,2,10,11,13 	6
2,3,5,8,10 	9
2,3,5,8,11 	8
1,2,4,5,6,7,8,13 	5
2,5,8,10,11,13 	395
1,2,3,5,6,7,8,9,10,11,13,14,15 	1
2,5,8,10,11,15 	3
2,3,4,5,10,13,14,15 	2
1,8,10 	3
4,5,8,9 	54
1,8,15 	1
1,8,13 	16
2,3,4,5,7,10,11,13 	3
4,7,8,11,12,13,14 	3
2,3,4,5,10,13,15 	458
2,3,4,5,10,13,14 	1
1,2,4,5,8,9,10,11,13 	36
2,4,5,6,7,12,13 	1
2,6,8,11,12,13,14 	30
1,2,4,5,6,8,11,13 	1
2,4,6,7,8,12,13,14,15 	1
1,2,5,6,7,9,11,13 	5
1,2,5,8,9,10,15 	2
1,2,5,8,9,10,13 	96
1,2,4,5,7,8,9,10,12,13,14,15 	3
4,5,8,10,13,15 	1
2,4,5,8,13,14,15 	408
2,3,4,5,7,8,9,11,13,15 	3
5,7,10,11,13 	1
1,7,8 	1
1,2,3,5,7,8,9,13,15 	1
2,4,5,6,7,8,9,10,12,13,14,15 	3
2,7,9,10,11,13 	13
2,5,7,10,13 	1526
4,8,13,15 	11
1,2,4,8,11,12,13,14 	5
1,2,4,5,7,8,9,12,13 	1
2,5,7,10,12 	1
2,5,7,10,15 	122
1,2,4,5,6,8,10,11,13 	2
2,5,8,9,10,13,14,15 	10
4,8,13,14 	58
1,2,4,8,11,12,13,15 	1
2,5,6,8,10,12,13,15 	14
2,5,7,10,11 	4
2,4,6,7,11,12,13,14 	27
1,2,4,5,8,11,12,13,15 	1
1,2,3,5,9,10,13,15 	9
8,9,10,13 	2
1,5,6,13 	24
1,5,6,15 	1
5,7,9,10,13 	9
5,7,9,10,15 	9
2,3,4,5,7,8,9,11,13,14 	1
6,12,13 	23
2,5,10,11,12,13 	1
2,5,6,7,9,12,15 	1
2,8,11,14 	4
2,8,11,13 	224
2,8,11,15 	3
2,4,6,7,9,13 	1
2,3,4,8,10,13 	1
2,4,5,7,10,12,13 	1
5,6,7,10 	1
1,2,5,6,7,15 	1
2,5,6,11,13,15 	1
1,2,5,6,7,13 	51
5,6,7,13 	2
2,4,7,8,10,13 	69
1,2,4,7,8,13,14 	1
2,4,7,8,10,14 	1
8,12,13 	2626
8,12,14 	38
8,12,15 	1
1,2,3,4,5,8,9,11,13,14,15 	8
5,8,9 	4400
2,5,7,10,12,15 	1
1,2,5,8,9,10,13,15 	131
2,4,5,6,9,10 	1
1,2,4,10,13 	8
2,5,6,8,9,10,13,15 	77
2,5,7,10,12,13 	2
1,2,5,8,9,10,13,14 	1
2,4,5,6,9,13 	184
6,14 	2
6,13 	6884
6,15 	5
2,5,8,11,13,14,15 	92
2,4,8,14,15 	3
6,10 	21
6,12 	65
2,3,5,6,8,9,13,15 	2
2,7,10,11,13,14 	1
2,7,10,11,13,15 	1
1,2,4,5,7,10 	4
1,2,4,5,7,13 	22
1,2,4,5,7,15 	1
2,5,7,8,10,13,14 	16
2,5,7,8,10,13,15 	516
1,2,4,5,6,9,10,12,13,15 	3
2,8,11,12 	1
2,5,6,12,13,15 	5
1,2,6,9 	2
9,10,13,15 	1
2,4,6,8,10,12,13,14 	1
1,2,6,8 	1
1,2,4,5,6,8,9,10,13 	45
2,4,5,9,11,13,15 	34
2,4,5,9,11,13,14 	1
2,3,5,8,13 	530
2,8,9,13 	1506
2,3,5,8,14 	3
1,2,5,7,8,9,12,13 	1
2,8,9,10 	37
2,3,5,8,15 	55
2,8,9,11 	2
2,5,6,7,8,10 	2
2,8,9,14 	15
2,8,9,15 	7
2,5,6,8,9,11,13,15 	8
1,2,8,10,13 	20
13,14,15 	7
2,5,6,7,8,13 	28
1,2,4,5,6,8,11,12,13,14 	5
1,2,4,5,6,8,11,12,13,15 	13
1,2,5,10,13,14,15 	1
4,7,8,12,13 	23
2,4,7,8,11,12,13 	1601
1,2,5,7,9,11,13 	1
2,4,10,11,13,15 	1
1,2,5,6,8,9 	3
1,2,5,7,8,9,12,13,15 	1
1,2,5,6,8,9,11,13,14,15 	2
1,2,6,8,13 	5
1,2,5,9,10,11,13 	17
2,3,5,10,13,14 	1
2,3,5,10,13,15 	623
2,5,8,9,11,13 	263
1,2,4,8,13,14 	8
1,2,12,13 	2
1,2,4,5,7,8,9,10,13,14 	7
1,2,4,5,7,8,9,10,13,15 	286
2,7,8,9,10,11,13 	1
2,5,8,9,11,15 	3
4,5,7,9,13,15 	9
2,3,5,11,13,14 	1
2,4,5,6,8,9,12,13,15 	11
4,11,12,13 	17
8,9 	1213
1,3,5,13,15 	41
2,3,5,11,13,15 	1677
1,2,4,5,7,8,9,12,13,15 	2
1,2,4,5,6,9,13 	166
1,2,5,7,8,9,10,11,12,13,15 	1
2,3,4,5,6,8,10,11,13,15 	3
1,2,5,6,8,9,11,12,13 	2
1,2,4,5,8,9,13,15 	45
1,2,4,5,6,7,8,9,11,13,15 	7
2,3,5,7,8 	2
2,3,5,7,9 	1
1,2,4,5,7,8,9,11,13,15 	9
1,2,3,4,5,6,8,9,10,13,15 	8
1,2,3,4,5,6,8,9,10,13,14 	1
1,2,4,5,7,8,9,11,13,14 	2
2,7,8,11,12,13 	2
1,2,5,6,7,8,13 	7
1,2,4,5,8,10,13,14,15 	7
1,2,4,6,8,11,12,13 	2
1,2,5,6,8,12,13,14 	1
1,2,5,6,8,12,13,15 	3
2,3,4,5,6,8,10,12,13,15 	1
1,2,9,10,11 	1
1,2,9,10,13 	53
2,4,7,8,11,13,15 	9
2,4,7,8,11,13,14 	1112
1,2,3,4,5,6,7,8,9,10,11,13,14 	1
1,2,4,5,6,7,8,9,10,13,14 	6
1,2,4,5,6,7,8,9,10,13,15 	182
2,4,8,13,14,15 	43
2,4,7,8,9,13,15 	1
1,2,4,5,7,10,12,13 	1
1,2,4,5,7,8,10,11,12,13,14,15 	2
1,2,3,5,8,11,13,15 	11
1,2,4,5,6,7,8,11,12,13,15 	38
1,2,4,5,6,7,8,11,12,13,14 	227
2,5,8,10,13,14,15 	19
2,4,9,10,15 	1
2,4,12,13,14,15 	3
2,4,9,10,13 	91
1,2,7,10,11,13 	3
2,4,5,9,11,13,14,15 	1
2,4,7,8,9,13,14 	1
2,3,5,8,9,13,14,15 	2
1,2,4,6,7,8,13,14,15 	1
1,2,3,4,5,6,7,8,9,10,11,13,15 	9
2,4,8,9,10,13 	9
2,3,4,5,8,9,10,13 	9
2,5,9,12,13,14 	1
2,5,9,12,13,15 	23
5,13,15 	76631
2,5,7,9,11,12,13 	1
5,13,14 	324
2,5,12,15 	11
2,5,12,13 	219
1,2,6,7,9,13 	1
7,10,15 	12
1,2,4,5,6,9,10,13,15 	21
1,2,4,5,6,9,10,13,14 	2
7,10,13 	90
2,6,8,9 	2
3,4,5,11,13,15 	7
2,4,7,8,9,10,12,13 	1
3,4,5,8,10 	1
3,4,5,8,13 	10
2,4,5,8,9,12,13 	4
4,6,8,12,13,14 	10
1,2,3,4,5,7,8,10,11,13,14,15 	6
1,2,4,5,6,7,8,9,10,12,13,14,15 	3
1,7,9,13,15 	3
1,2,4,5,6,8,9,11,13,15 	10
1,2,5,6,7,9 	1
4,5,7,13,14,15 	1
1,2,4,7,9,10,11,13,15 	1
1,5,7,10,13 	1
4,6,13,14 	3
1,2,3,4,5,8,9,13,14,15 	2
1,2,5,6,7,8,9,10,11,13,15 	16
4,7,8 	64
4,7,9 	8
2,5,6,7,8,9 	2
2,4,5,6,8,9,13,14,15 	2
2,7,11,12,13,14 	1
2,3,5,7,8,9,13,15 	7
2,4,5,7,9,10,13,14,15 	6
1,2,4,5,7,10,11,13,14,15 	1
1,2,3,4,5,7,8,11,13 	1
4,5,9,12,13,15 	1
5,8,12,13,15 	2
1,2,6,8,10,13 	2
5,8,12,13,14 	1
1,2,3,4,5,9,11,13,14,15 	2
1,2,4,7,8,9,10,11,12,13,15 	1
1,2,7,8,11,13 	1
4,5,8,10,12,13,15 	1
1,2,3,4,5,9,11,15 	1
1,2,5,9,10,13,15 	245
2,5,6,7,9,10,13,14,15 	1
1,2,4,5,7,10,13,14,15 	3
2,5,7,8,9 	67
1,2,3,4,5,6,7,8,9,10,11,13 	2
2,4,7,13,14 	20131
2,5,6,8,9,10,11,13 	10
2,4,7,13,15 	24
2,4,5,10,12,13,14,15 	2
2,3,5,6,7,8,10,13,15 	1
2,5,6,7,8,9,11,13,15 	6
1,2,5,9,10 	15
1,2,5,9,11 	1
2,4,5,6,9,10,11,13 	5
2,5,8,11,14,15 	1
2,4,8,11,13,15 	7
1,4,13 	36
4,11,13 	38
2,4,5,7,8,12,13,14,15 	1
1,4,15 	1
4,11,15 	1
2,4,8,11,13,14 	168
2,11,12,13 	14
5,9,10,13 	97
1,2,4,5,8,10,11,12,13,14,15 	3
5,9,10,15 	57
1,2,3,5,8,9,11,13,14,15 	1
2,3,5,6,10,13 	1
1,2,3,4,5,7,9,11,13,15 	1
1,2,5,9,15 	31
2,3,11,13 	13
1,2,5,9,13 	1143
2,4,6,7,8,13,14 	91
2,3,4,5,6,8,10,13,15 	2
5,10,12,13 	1
2,3,4,5,8,9,10,11,13 	11
5,8,11,13 	642
5,8,11,14 	1
5,8,11,15 	14
1,2,4,7,8,13 	2
2,10,13,15 	1528
3,5,7 	43
2,10,13,14 	15
1,2,5,9,11,13 	28
2,4,10,11 	2
3,5,9 	19214
4,5,6,13,14 	1
3,5,8 	219
2,3,4,5,7,8,9,13 	1
2,4,10,15 	23
2,4,10,13 	524
2,4,10,12 	2
1,2,5,9,11,15 	1
2,4,5,7,8,11,13,15 	13
2,4,5,7,8,11,13,14 	5
3,5,8,13,15 	20
2,3,5,7,9,13,15 	5
2,4,8,10,13,14,15 	1
2,3,5,6,8,10,13,15 	3
2,4,5,6,10,12,13,15 	2
2,7,9,10,13,15 	132
1,2,4,6,10,13 	2
1,2,4,5,6,7,8,13,15 	2
3,4,5,8,15 	1
2,3,5,6,8,13,15 	2
2,5,8,9,11,13,14,15 	14
3,5,8,9,15 	2
3,5,8,9,13 	5
2,5,7,9,13,14 	12
1,2,4,5,6,8,12,13,14 	1
2,5,7,9,13,15 	631
1,2,4,5,6,8,12,13,15 	2
1,2,4,5,8,13,14 	5
1,2,4,5,8,13,15 	48
5,9,10,11,13,15 	2
1,2,4,5,10,13,15 	81
1,2,5,7,10,12,13 	2
3,5,8,9,10 	1
2,5,6,12,13 	12
2,5,9,11,13 	237
6,7,10 	2
3,4,11,13 	1
4,5,8,14,15 	1
2,5,9,11,15 	8
6,7,13 	4
1,2,4,5,6,7,8,10,13,15 	13
2,3,4,5,9,10,11,13 	2
1,3,5,8,13 	4
1,2,4,6,8,11,12,13,14,15 	2
1,2,4,12,13,15 	1
2,3,4,5,8,10,11,12,13,14,15 	1
2,4,6,11,12,13 	47
2,5,6,8,9,11,13 	14
2,5,6,9,12,13 	1
5,7,13,14 	43
5,7,13,15 	213
1,2,4,12,13,14 	1
3,4,13 	165
1,2,3,5,8,9,10,13,15 	19
1,2,3,5,9,11,13 	1
2,4,5,7,9,11,13 	5
3,4,15 	38
2,4,9,10,12,13 	2
2,3,4,5,6,10,13 	1
2,5,8,11,12,13,14 	3
2,5,8,11,12,13,15 	4
2,4,5,7,9,10 	14
2,5,8,9,10,11 	2
2,4,5,7,9,11 	1
2,5,8,9,10,13 	1224
2,4,5,7,9,13 	206
1,2,3,4,5,6,8,9,13,15 	3
2,4,5,7,9,14 	2
2,4,5,7,9,15 	19
1,2,3,4,5,9,13 	2
2,7,9,10,12,13,15 	1
2,4,7,9,10,12,13 	5
2,5,8,9,10,15 	54
2,6,7,10 	8
2,6,7,13 	40
1,2,4,7,9,10,13 	5
4,8,12,13,14 	107
1,3,5,10,13 	1
4,8,12,13,15 	8
8,11,12,13 	13
3,15 	859
3,14 	1
3,13 	8081
3,11 	86
3,10 	15
1,2,4,5,7,9 	4
2,4,5,6,7,8,10,11,12,13,14,15 	85
3,4,9,13 	38
2,4,6,8,11,12,13 	366
3,4,9,15 	17
2,4,5,10,13,15 	791
2,4,5,10,13,14 	5
5,9,13,14 	22
1,2,4,7,8,9,10,13 	1
1,2,3,5,15 	49
5,9,13,15 	5626
1,5,6,9,13,15 	3
1,5,6,9,13,14 	1
2,3,5,8,10,11,13 	16
1,2,3,5,11,13 	12
4,5,7,8 	34
1,2,3,5,13 	204
4,5,7,9 	12
5,7,9,11,13 	1
2,4,5,6,7,8,13 	22
1,2,3,5,11,15 	1
1,2,3,5,10 	1
4,5,10,11,13,15 	1
12,13,14 	39
12,13,15 	6
2,3,4,5,7,9,10,13,14,15 	1
1,2,6,8,11,12,13 	2
2,3,4,5,8,10,11,13 	13
1,2,4,5,9,10,13,15 	90
2,3,4,5,11,13,14,15 	2
2,7,9,15 	83
2,9,14 	10
2,9,15 	1136
2,7,9,13 	2950
2,4,5,6,8,9,10,12,13,15 	92
1,2,5,7,9,10,11,13,14,15 	1
3,5,7,8,13,15 	1
2,7,9,14 	4
2,7,9,11 	5
2,7,9,12 	21
2,9,10,11,13 	21
2,7,9,10 	544
1,7,13 	47
2,7,8,12,13,14 	6
1,2,4,5,6,8,13 	6
2,9,10 	3479
2,9,11 	23
2,9,12 	80
1,4,5,7,13 	2
2,9,13 	34396
2,4,6,8,13,15 	27
2,4,6,8,13,14 	766
2,4,5,6,7,8,10,13,14 	1
2,4,5,6,7,8,10,13,15 	20
1,2,4,5,6,7,8,10,13 	4
4,6,12 	1
1,4,5,6,9,13 	2
4,6,13 	9
1,2,3,5,8,13,15 	16
1,2,5,6,9,13,14 	31
1,2,5,6,9,13,15 	348
2,5,10,11,13,15 	135
2,5,10,11,13,14 	3
1,2,4,6,8,11,13 	4
1,2,3,4,5,7,8,9,10,11,13 	5
1,2,5,7,8,9,13,14,15 	2
2,5,7,8,11,13 	99
1,2,4,5,7,8,9,13,14 	2
1,2,4,5,7,8,9,13,15 	31
2,4,5,7,8,9,10,12,13,14,15 	1
2,3,5,6,9,10,13,15 	2
2,5,7,8,10,12,13,15 	8
2,3,4,5,11,13 	866
2,3,4,5,11,15 	18
2,4,5,8,9,12,13,14 	2
2,4,5,8,9,12,13,15 	39
2,5,7,9,10,13,15 	640
2,5,7,9,10,13,14 	6
2,4,5,12,13,14 	8
1,2,3,4,5,7,9,10,11,13 	1
2,4,5,12,13,15 	26
2,3,4,5,9,11,13,15 	16
3,5,9,11,13,15 	2
2,3,5,6,9,13 	8
2,4,5,6,7,9,11,13,15 	4
1,2,4,5,8,10,13 	42
2,6,10,13 	265
1,2,3,4,5,9,10,11,13,15 	3
1,2,5,8,9,10 	5
1,2,5,8,9,13 	220
1,2,5,8,9,15 	3
1,2,5,7,8,12,13,15 	1
1,2,3,4,5,6,8,9,10,11,13,15 	14
1,2,3,4,5,7,10,11,13,15 	3
2,4,6,7,8,13 	884
1,2,4,5,6,8,12,13 	4
2,3,5,6,7,8,9,10,13,15 	3
1,2,5,6,7,13,15 	4
1,2,3,4,5,7,8,10,11,13,14 	1
1,2,3,4,5,7,8,10,11,13,15 	16
2,4,5,7,8,9,13,15 	111
2,4,5,7,9,10,12,13 	7
2,4,5,7,8,9,13,14 	2
2,7,12,15 	2
2,5,7,8,10,12,15 	1
1,2,4,5,10,11,13,15 	9
1,2,5,8,13,15 	157
2,3,4,5,6,8,9,11,13,15 	3
2,5,10,12,13 	22
2,5,7,8,10,12,13 	4
2,5,10,12,14 	1
1,2,5,8,13,14 	4
2,5,10,12,15 	3
2,3,4,5,6,7,8,10,13 	1
2,4,5,6,7,8,9,13 	23
4,8,12,13,14,15 	1
2,4,5,6,7,8,10,11,13,15 	1
2,3,4,5,7,8,9,13,15 	7
3,5,10,13,15 	2
13,15 	183207
13,14 	13430
1,5,11,13 	36
2,4,7,8,10,11,13 	1
2,4,7,8,10,11,14 	1
2,4,5,6,8,9,13,15 	47
2,4,7,8,9,10,14 	1
2,4,7,8,9,10,13 	25
1,2,3,4,5,7,12,13,14 	1
1,2,5,7 	33
1,2,5,6 	39
2,3,4,5,6,8,13,14 	1
2,3,4,5,8,10,11,13,14,15 	3
3,4,5,7,8 	1
1,2,5,9 	281
1,2,5,8 	65
2,7,12,13 	30
1,2,3,4,5,13,14,15 	3
2,4,5,7,8,9,10,13,14 	5
2,4,5,7,8,9,10,13,15 	400
2,3,5,7,8,9,10,13,15 	19
2,6,8,10,13 	7
2,6,8,10,15 	1
1,2,7,11 	1
1,2,7,10 	33
1,2,5,6,8,11,13 	3
1,2,7,15 	2
2,4,9,13,15 	10
1,2,7,13 	107
2,4,9,13,14 	2
1,2,5,10,12,13,15 	3
1,2,5,6,7,9,10,13 	16
7,10,13,15 	9
1,2,4,5,7,8,9,10,12,13 	2
2,8,13,14,15 	70
1,2,5,9,10,11,13,14 	1
7,13,14 	32
7,13,15 	189
1,2,4,5,6,9,10,13 	18
1,2,5,9,10,11,13,15 	27
4,6,8,11,12,13,14 	1
1,2,5,7,8,9,10,12,13 	2
1,2,4,5,6,8,9,10,11,13 	9
2,4,5,8,15 	66
2,4,5,8,14 	19
1,2,5,8,10,13,14,15 	3
1,2,4,5,6,7,9,13,14,15 	1
1,2,5,8,10,13,14 	2
1,2,5,8,10,13,15 	172
8,9,13,14 	1
1,4,13,14 	1
2,4,5,7,8,9,12,13,15 	4
5,7,9,11 	1
2,4,5,9,13,14,15 	19
5,7,9,10 	29
2,7,8,9,12,13 	2
2,4,5,8,10,12,13,15 	85
2,4,5,8,10,12,13,14 	2
2,7,8,10,13,15 	18
2,7,8,10,13,14 	5
2,4,6,8,13,14,15 	7
1,2,3,5,6,8,9,10,11,13,15 	4
5,7,9,13 	105
5,7,9,15 	74
2,5,8,9,10,11,13,14 	4
2,5,8,9,10,11,13,15 	87
4,5,7,11,13,14 	1
1,2,3,5,9,11,13,14,15 	1
2,4,5,8,11 	28
2,4,5,8,10 	44
2,4,5,8,13 	7413
2,4,5,8,12 	1
1,2,3,4,5,7,10,13 	2
1,2,5,6,8,9,11,13 	11
2,3,4,5,7,8,11,13,15 	1
2,4,5,6,7,8,9,11,12,13,14,15 	2
1,2,5,7,9,10,13,14,15 	4
1,2,5,8,12,13,15 	3
1,2,4,5,6,7,8,9,10,11,13,14,15 	15
2,3,7,8,13 	2
1,2,3,4,5,6,7,8,9,10,11,12,13,14,15 	2
2,3,5,6,7,8,13,15 	1
2,3,5,9,10 	12
1,7,11,13 	1
2,3,5,9,11 	2
1,2,5,8,9,13,14 	1
2,3,5,9,13 	722
1,2,5,8,9,13,15 	119
2,3,5,9,15 	521
1,2,3,4,5,6,7,8,9,10,13,14,15 	1
2,8,12,13,14,15 	1
1,2,5,6,8,10 	1
1,2,3,5,7,8,9,10,13 	3
2,5,6,9,10,11,13,15 	6
2,3,4,5,7,8,10,11,12,13,14,15 	1
1,2,5,6,8,15 	1
2,3,10,11,13 	1
1,2,5,6,8,13 	39
1,2,5,7,9,10,15 	1
2,5,6,7,8 	2
2,5,6,7,9 	1
1,2,5,7,9,10,13 	124
2,3,5,11,13,14,15 	3
2,3,4,9,15 	2
2,3,4,9,13 	12
2,3,5,10,13 	799
2,3,5,10,15 	20
1,2,4,8,12,13 	26
1,2,5,10,11,12,13 	1
1,2,5,7,11,13 	4
3,4,5,7,11,13,15 	1
4,6,7,13 	1
1,2,5,12,13 	1
2,3,5,6,8,9,13 	1
2,3,4,5,7,10,11,13,15 	1
2,5,6,7,9,10 	1
2,5,7,9,10,12,13,14,15 	1
2,4,5,13,14 	805
2,4,5,13,15 	3810
2,3,4,5,6,8,9,11,12,13,14,15 	1
1,2,4,13 	89
1,2,4,5,6,7,9,10,13,15 	16
1,2,4,10 	14
1,2,4,11 	1
1,2,4,15 	1
2,5,6,7,9,13 	160
1,2,5,9,12,13,15 	3
1,2,4,5,7,8,9,10,13,14,15 	21
1,2,5,7,8,9,10,11,13,15 	40
2,5,6,9,15 	1
2,5,6,7,8,9,10,13 	26
2,5,6,9,14 	1
2,5,6,9,13 	1522
2,5,6,9,11 	1
2,9,10,12,13,15 	5
2,5,6,9,10 	5
1,2,3,5,6,7,8,9,13,15 	2
2,4,8,10,12,13 	2
2,6,10,12,13 	1
2,3,5,7,9,10,13 	2
2,4,8,9,10,13,15 	1
3,5,6,13 	1
1,2,5,12,13,15 	1
1,2,3,5,8,10,13 	2
1,2,3,5,8,10,11 	1
2,3,5,13,14,15 	10
2,4,8,11,13,14,15 	4
5,8,14,15 	3
1,2,3,4,5,9,11,13,15 	6
1,2,5,8,9,10,12,13,15 	3
1,2,4,5,11,13 	13
2,4,7,8,11,13 	14319
1,8,9,13 	1
2,3,5,8,12,13 	3
5,8,11,13,14,15 	1
1,2,3,5,6,8,9,10,11,13 	1
5,7,10,13 	41
2,3,5,10 	115
2,3,5,11 	398
1,2,5,6,10,11,13,15 	1
2,3,5,13 	73792
2,3,4,5,6,8,9,10,12,13,15 	4
2,6,7,8,12,13 	1
2,3,5,14 	5
2,3,5,15 	48386
5,7,10,15 	15
1,2,5,7,9,10,12,13,15 	19
1,2,5,6,9,10,13,15 	59
2,5,7,8,9,10,12,13 	6
1,2,5,6,9,10,13,14 	4
1,2,3,4,5,6,7,8,10,11,13 	1
1,2,3,4,5,7,13,14 	113
2,4,5,6,8,9,10,12,13,14,15 	5
5,6,9,13,15 	4
4,8,9 	2
9,10,13 	10
1,2,4,5,6,8,9,12,13 	1
9,10,15 	1
2,4,5,6,7,8,9,10,11,12,13,15 	6
2,4,5,6,7,8,9,13,15 	24
2,4,5,6,7,8,9,13,14 	2
7,9,13,15 	28
4,5,8,9,13 	24
4,5,8,9,15 	6
1,2,3,4,5,6,8,9,10,11,13,14,15 	4
2,4,5,15 	874
2,4,5,14 	16
2,5,6,7,10,13 	4
2,4,5,11 	161
2,4,5,10 	271
4,5,8,11,13 	53
2,4,5,13 	20585
2,4,5,12 	3
2,5,8,9,13,15 	1855
2,5,8,9,13,14 	95
1,2,3,4,5,6,7,8,9,13,15 	3
2,7,8,9,10,13,15 	2
2,3,5,8,9,13,15 	98
2,3,5,8,9,13,14 	2
1,2,4,5,6,7,8,9,10,11,13,15 	55
1,2,4,5,6,7,8,9,10,11,13,14 	2
1,2,4,5,8,11,13,14,15 	25
1,2,5,6,9,13,14,15 	13
5,10,13 	948
5,10,15 	271
1,2,4,5,6,8,10,13,15 	5
2,5,8,12,13,14 	9
2,5,8,12,13,15 	181
1,2,3,4,5,8,9,10,11,13,15 	101
5,10,11 	28
1,2,3,4,5,11,13 	10
2,4,5,6,8,10,13,15 	55
2,4,5,6,8,10,13,14 	1
1,2,5,6,7,8,9,13,14,15 	1
2,5,8,9,10,11,15 	2
2,5,7,9,12,13,15 	11
1,2,3,4,5,7,8,9,11,13 	1
2,5,8,9,10,11,13 	81
1,2,5,6,8,9,10,12,13,15 	4
2,5,6,8,10,11,13 	4
2,4,5,6,7,9,10,12,13,15 	6
2,4,11,13,14,15 	1
4,5,7,8,9 	3
1,2,3,4,5,6,8,9,10,11,12,13,14,15 	2
2,5,8,10,12,13,15 	38
1,2,4,8,11,13,14 	3
2,4,5,7,8,13,14 	13
2,5,8,9,10,11,13,14,15 	5
2,4,5,7,8,13,15 	176
1,2,4,5,8,9,10,13,15 	124
4,5,9,10,13,15 	3
1,2,4,5,6,8,10,12,13,15 	6
1,2,4,5,8,9,10,13,14 	1
2,5,7,11,15 	1
2,3,4,5,9,10,13,14,15 	1
2,5,7,11,13 	48
1,2 	1692
1,3 	8
1,4 	61
1,5 	1380
1,6 	98
1,7 	38
1,8 	74
1,9 	27
2,3,5,7,8,10,11,13 	5
2,4,5,8,9,13,14,15 	34
2,3,5,7,8,9,10,13 	4
1,2,4,5,7,10,12,13,15 	3
2,3,5,8,9,12,13,15 	1
4,7,12,13 	3
2,7,8,9,10 	18
4,6,8,11,12,13 	2
4,8,11,12 	2
4,8,11,13 	22
2,3,4,5,7,8,9,10,11,13,15 	19
2,3,4,5,10,11,13,15 	88
2,7,8,9,13 	62
2,7,8,9,14 	1
3,6,9 	1
1,2,4,5,7,8,9,10,11,12,13,14,15 	1
2,5,7,9,13,14,15 	6
2,3,4,5,8,10,13 	29
1,2,4,5,6,8,9,10,11,13,14 	1
1,2,4,5,6,8,9,10,11,13,15 	30
4,5,8,9,11,13 	3
1,2,3,5,7,11,13 	1
1,2,4,5,6,8,9,10,11,12,13,14,15 	3
2,3,5,7,8,9,10,11,13,15 	3
2,4,5,9,10,13,14,15 	7
2,4,5,6,8,10,13 	25
2,5,8,12,13 	274
2,5,8,12,15 	2
1,2,4,5,6,8,10,11,12,13,15 	1
4,5,8,13,14,15 	2
2,12,13,15 	19
2,12,13,14 	180
2,7,9,12,13,15 	3
2,4,5,6,8,13,14,15 	3
2,5,6,7,8,10,13 	9
1,2,5,6,7,8,9,10,13,15 	47
2,11,15 	9
2,4,5,6,7,9,10,11,13 	3
2,11,13 	2383
2,11,14 	19
2,4,5,8,11,13,15 	432
2,4,5,8,11,13,14 	487
8,10,13,15 	9
1,2,5,8,10,13 	180
2,4,5,6,10,13 	16
2,4,5,7,8,9,11,13,14,15 	5
1,2,5,8,10,15 	2
2,5,7,8,9,12,13 	1
1,2,4,5,6,13,14 	1
1,2,4,5,6,13,15 	4
5,11,13,14 	11
5,11,13,15 	259
4,5,12,13 	1
1,2,7,8,13 	4
2,7,8,10,14 	1
2,7,8,10,13 	211
2,7,8,10,15 	5
1,2,4,5,8,12,13,15 	3
2,4,5,7,8,10,15 	6
10,11 	17
10,12 	3
2,4,5,7,8,10,13 	346
2,7,8,10,11 	1
10,13 	3019
5,7,10,13,15 	10
2,4,5,6,8,9,10,13 	41
1,2,3,4,5,6,7,8,9,11,13,14,15 	1
2,4,5,6,13,14 	1
2,4,5,6,13,15 	16
4,5,10,11,13 	1
2,3,4,5,8,15 	4
2,3,4,5,8,13 	93
2,5,6,7,8,9,10,11,13 	3
10,14 	2
10,15 	381
1,2,5,8,13,14,15 	1
1,4,5,8,11,13 	1
2,3,4,5,8,11 	1
5,8,10,11,13 	19
1,2,3,4,5,7,8,9,10,11,12,13,14,15 	2
2,4,7,11,13,15 	11
2,4,7,11,13,14 	10871
1,2,5,6,9,10,13,14,15 	4
1,2,3,4,5,6,8,10,11,13,14,15 	1
2,4,5,7,10,11,13,15 	25
2,8,10,13,15 	89
2,8,10,13,14 	15
2,3,5,6,8,9,11,13,15 	2
2,3,4,5,7,8,9,10,13 	4
2,3,5,6,13 	2
2,4,5,6,7,8,9,10,11,13,14,15 	3
2,3,5,7,9,10,11,13,15 	2
2,4,10,11,13 	9
5,8,9,11,13,15 	7
2,4,10,11,14 	1
2,4,13,15 	1048
2,4,13,14 	94788
1,2,6,7,8,11,12,13,14 	1
2,3,8 	194
2,3,7 	1
1,2,4,5,6,9,13,15 	60
2,3,9 	12200
1,2,4,5,6,9,13,14 	6
2,4,5,7,8,10,11,13 	76
2,3,4 	142
2,3,5 	74901
5,6,9,15 	2
5,6,9,13 	27
2,3,4,5,10,11,13 	32
1,2,5,7,9,10,14,15 	1
4,14,15 	2
2,4,6,12,13 	742
1,2,4,5,8,9 	1
1,2,3,4,5,8,9,13 	6
1,2,5,6,7,9,13,15 	54
2,4,5,6,7,13 	13
1,2,5,6,7,9,13,14 	6
2,5,7,8,9,10,11,13,15 	36
1,2,3,4,5,11 	1
2,14,15 	30
1,2,3,4,5,13 	81
2,4,8,12,13 	2829
1,2,4,7,9,10,13,15 	4
1,2,5,6,7,9,10,13,14 	1
1,2,5,6,7,9,10,13,15 	28
1,2,4,5,8,9,11,13 	17
2,3,5,9,11,15 	2
1,5,7,13,15 	4
2,3,5,9,11,13 	12
1,2,4,7,10 	7
1,2,4,7,13 	10
2,5,9,10,11,13 	65
2,5,9,10,11,15 	1
2,3,5,7,8,11,13 	6
1,2,3,5,7,8,9,11,13,15 	3
1,2,3,4,5,15 	1
2,6,8,11,13,14 	5
2,3,7,8,10,13 	1
2,5,6,7,8,10,12,13 	1
1,2,4,5,8,10,13,15 	100
2,6,7,11,13 	3
2,3,5,7,10,13,15 	11
2,5,6,7,8,9,10,11,12,13,15 	1
1,2,4,7,11,13 	11
7,8,10,13,15 	3
1,2,3,4,5,6,8,10,11,13,15 	2
2,4,8,11,12,13,14 	251
3,5,8,10,13 	7
2,4,8,11,12,13,15 	8
1,5,9,13,15 	14
1,2,4,7 	4
1,2,4,6 	2
1,2,4,5 	12
1,2,10,13 	308
1,2,10,14 	1
1,2,10,11 	1
2,4,5,7,8,9,13 	145
1,2,10,15 	12
2,4,5,7,8,9,10 	7
2,4,5,6,9,10,13,14,15 	1
2,5,7,12 	2
2,5,7,11 	19
2,5,7,10 	827
1,5,6,8,9 	4
11,12,14 	1
2,5,7,15 	270
2,5,7,14 	5
2,5,7,13 	2347
11,12,13 	3
2,4,5,6,8,9,10,11,12,13 	1
1,2,5,7,8,10,11,12,13,15 	1
1,2,5,10,13,15 	341
1,2,5,7,9,13,14 	4
1,2,5,10,13,14 	2
1,2,5,7,9,13,15 	117
1,2,3,5,8,9,10,11,13,15 	11
1,2,4,5,7,8,11,13,15 	5
2,3,5,8,9,10,13 	21
1,2,4,5,7,8,11,13,14 	1
1,2,5,6,7,8,9,10,11,13,14,15 	1
1,2,5,7,8,9 	2
1,2,4,5,6,7,8,11,13,14,15 	2
2,3,5,8,11,13,14,15 	3
1,2,4,7,10,11,13 	2
1,2,3,4,5,7,9,10,11,12,13,15 	1
4,5,8,11,12,13,14 	1
2,5,7,9,10,12 	2
2,5,7,9,10,11 	3
2,5,7,9,10,13 	819
2,5,7,9,10,15 	80
2,5,6,7 	3
2,5,6,8 	46
2,4,5,8,13,14 	1339
2,4,6,7,8,11,12,13,14 	163
2,5,6,9 	59
2,4,5,8,13,15 	3448
2,5,6,7,9,13,14,15 	1
2,3,5,13,14 	1682
2,3,5,13,15 	55262
2,3,5,7,9,11,13,15 	1
7,8,9,10 	1
1,2,3,5,7,8,9,10,13,14,15 	2
7,8,9,13 	2
2,4,5,6,7,8,11,13 	1
4,5,9,10,11,13,15 	1
2,5,8,10,12,13,14,15 	2
2,3,9,13,15 	2
2,8,12,13,15 	9
2,8,12,13,14 	20
1,2,5,6,7,10,13 	6
1,2,4,5,7,8,9,10,13 	84
2,4,8,9,13 	17
2,4,5,6,7,8,9,13,14,15 	3
1,5,8,11 	2
2,5,7,8,10,13,14,15 	6
1,5,8,10 	2
1,5,8,15 	4
1,5,8,13 	88
1,2,4,5,8,9,10,12,13,15 	13
2,4,5,7,9,10,12,13,15 	8
1,2,3,5,10,11,13,15 	5
2,5,11,13,15 	1043
1,2,3,5,7,8,11,13,15 	1
2,5,11,13,14 	59
2,3,8,15 	2
2,8,13,14 	2997
2,3,8,12 	1
2,3,8,13 	42
2,3,8,10 	28
1,5,7,8,13 	3
1,2,5,6,9,10,13 	89
3,9,13 	35
2,4,5,7,9,11,13,15 	7
2,3,4,8,12,13 	1
1,2,4,5,7,9,10,13,14,15 	12
2,5,7,9,10,11,13,15 	21
2,4,5,8,10,11,12,13 	1
2,5,7,9,10,11,13,14 	1
2,3,4,5,7,10,13,15 	11
5,8,15 	1325
2,4,5,8,9,10,11,12,13 	2
5,8,14 	61
5,8,13 	29185
5,8,12 	12
5,8,11 	462
3,9,15 	476
5,8,10 	658
8,14,15 	1
1,8,10,13 	1
2,5,6,9,11,13,14 	2
1,2,4,7,8,11,13 	6
2,5,6,9,11,13,15 	21
1,2,4,5,7,9,10,12,13 	3
2,6,13,14 	101
2,6,13,15 	11
