2,4,15 	289
3,4,5,9,10,15 	1
8,17 	2186
2,4,16 	2
2,10,15 	8
2,4,13 	16
2,6,8,12,15 	1
8,15 	98
2,4,14 	17
8,16 	5136
2,4,11 	393
2,4,12 	167
2,3,4,8,9,10,12,14,15 	2
2,4,10 	3
2,3,5,10,12,15 	1
8,10 	6
2,10,16 	7
8,14 	1
2,4,17 	1
8,11 	161
2,3,8,9,10,12,15 	7
2,4,18 	1
8,12 	90
7,10,15,16 	4
2,3,4,5,6,9,11,12,15,17 	2
2,7,8,15,16 	57
2,4,6,9,11,15,17 	1
4,5,6,11,15 	156
2,4,5,6,8,9,11,15,17 	1
4,5,6,11,14 	2
1 	2613490
2 	24305
2,4,7,11,15 	1
3 	2003
4 	3698736
5 	1286293
2,3,4,14 	1
6 	18226763
2,3,4,5,8,9,10,15 	1
7 	27885
8 	273481
9 	747
3,4,8,9,10,15 	1
1,2,5,11,15 	1
1,2,5,11,12 	1
5,13,14 	1
2,4,6,17 	6
6,7 	5197
2,4,6,15 	162
6,8 	1410
6,8,16,17 	4
2,4,6,16 	843
6,9 	182
1,7,8,15 	4
2,4,6,13 	12
2,5,12,15 	1
2,4,6,14 	7
2,4,6,11 	552
2,4,6,12 	19
7,10,15 	2
2,4,6,10 	29
4,5,6,9,11,15,17 	1
2,3,4,5,8,9,10,12,14,15 	2
1,2,10 	3
1,2,11 	86
4,7,13,14,18 	2
1,2,12 	8
1,2,13 	4
1,2,15 	102
1,2,4,5,6 	11
1,2,16 	937
2,3,5,8,9,12,15 	9
3,5,6,8,9,10,12,15,17 	2
15,17 	44
15,16 	2575
2,4,5,6,8,11,15 	11
2,3,5,6,9,15,17 	2
1,15,17 	2
1,15,16 	287
2,4,5,6,8,10,12,15 	1
2,5,10,11 	1
3,4,9,14,15 	1
2,3,4,5,8,9,12,15 	7
11,16,17 	1
4,6,13,15 	18
2,3,4,5,8,9,12,14,15 	1
2,6,7,17,18 	1
2,8,15,17 	4
2,3,4,5,6,11,15,17 	2
2,3,5,9,10,12,14,15 	2
3,4,5,6,11 	59
1,6,7,11,16 	1
3,5,6,9,15 	16
1,2,15,16 	98
4,5,6,11 	27283
2,3,8,9,15 	12
4,5,6,10 	85
3,6,10 	1
4,5,6,13 	3
3,6,11 	3
4,5,6,12 	2
8,16,17 	145
2,5,6,8,15 	22
4,8,11,16,17 	5
4,5,6,15 	1231
2,5,6,8,10 	1
4,5,6,14 	2
7,9,18 	2
1,4,8,11,15 	1
2,5,10,15 	31
3,6,12 	1
4,5 	104637
4,6 	5240977
3,6,15 	75
4,7 	488
4,8 	39540
4,9 	69
1,6,8,15,17 	5
1,2,3,15 	1
5,6,9,14,15 	1
2,5,6,10,12,15 	2
1,4,6,8,11,17 	1
2,3,4,5,6,9,15,17 	2
1,4,6,8,11,16 	2
9,11,12 	1
1,4,7,15 	3
10,12,15 	2
3,4,5,6,15 	17
1,2,4,8,11,16 	1
1,2,5,7,15 	4
2,8,15,16 	30
2,3,5,6,12,15 	2
2,3,5,6,12,14 	1
2,3,6,12 	1
2,3,6,15 	9
1,2,10,15,16 	12
1,4,5,6,8 	4
2,4,7,13,15 	1
2,5,6,10,15 	21
1,4,11 	109
4,5,6,8,11 	38
4,11,13 	1
1,4,12 	21
4,11,14 	1
1,4,15 	70
4,11,12 	497
4,5,6,8,15 	11
1,4,17 	3
4,11,17 	7
1,4,16 	307
4,11,15 	320
4,11,16 	6
2,3,5,6,8,9,12,15,17 	5
2,3,4,5,6,8,9,11,12,15,17 	1
3,4,5,6,9,15 	7
1,4,5,6,7,11,15 	3
4,7,13,14 	2
4,7,13,15 	1
2,3,4,6,8,9,15 	1
4,7,13,18 	1
3,6,12,14,15 	1
4,6,8,15,17 	9
2,3 	83
2,4 	37217
2,5 	3719
2,3,4,8,9,15 	3
2,6 	8718
2,7 	131
2,8 	1573
2,9 	12
4,6,8,15,16 	2
2,3,6,8,9,10,15,17 	2
3,5,9,15 	18
1,13,15 	2
1,2,7,8,15,16 	206
1,7,8,15,16,17 	3
2,12,15 	3
1,2,4,6,8,16,17 	17
2,4,5,10,15 	9
2,3,4,5,6,12,15 	1
2,4,5,6,7,11,15 	1
2,4,5,6,11,12 	6
2,4,5,6,11,15 	91
3,5,8,9,12,15 	2
2,3,4,5,9,10,12,14,15 	1
2,4,5,6,11,17 	1
2,3,4,6,11,12,15 	1
2,3,5,6,8,10,15,17 	1
4,7,8,15 	1
1,7,15,16 	626
2,6,8,9,12,15,17 	1
3,5,7 	2
3,5,6 	396
1,14 	2
1,15 	785
3,4,6,11,12,15 	1
1,12 	107
1,13 	6
1,10 	585
2,4,10,15 	1
5,6,12,15 	10
1,11 	17271
5,11,14 	1
5,11,15 	6
2,3,5,6,9,10,12,15,17 	1
1,2,4,6,7,8,16,17 	3
7,13,14,18 	57
2,5,6,14,15 	4
4,6,7,8,11,15 	1
2,3,6,9,12,15,17 	2
3,8,9,10,12,15 	1
2,4,8,17 	1
2,4,8,16 	1
2,4,8,15 	4
2,4,8,14 	1
2,4,8,12 	41
2,4,8,11 	39
1,2,7,8,10,15,16 	4
1,16 	90662
2,4,6,11,12 	5
1,17 	4
2,3,6,8,10,15 	1
2,4,6,11,16 	1
2,4,6,11,15 	21
1,2,4,6,10,15 	1
1,2,4,6,10,16 	1
17,18 	2
3,4,5,15 	7
4,5,11,15 	2
3,4,5,11 	1
3,5,6,9,10,15 	1
6,8,9,12,15,17 	1
3,4,5,6,9,11,15,17 	1
2,4,5,6,8,9,10,12,15,17 	1
5,6,14,15 	2
4,6,11,12 	204
6,10,12 	1
2,4,5,8,10,15 	6
3,6,9,15,17 	1
6,10,11 	8
2,3,4,6,8,9,11,12,15,17 	1
6,7,11 	9
6,7,10 	10
2,4,6,8,11,12 	1
2,4,6,8,11,17 	11
6,7,15 	142
6,7,14 	1
2,4,6,8,11,15 	10
6,7,13 	23
1,4,6,10,16 	59
4,6,11,14 	1
4,6,11,13 	4
4,6,11,16 	176
4,6,11,15 	108
4,6,11,17 	18
4,8,11 	222
4,8,12 	39
1,2,8,16,17 	26
1,6,12 	1
4,8,17 	329
1,6,13 	1
1,6,10 	405
2,4,8,11,15,17 	2
4,8,15 	141
1,6,11 	581
4,8,16 	9
1,6,16 	3825
1,6,17 	1
2,3,4,6,8,11,15 	1
1,15,16,17 	1
1,2,4,5,15 	23
1,6,15 	96
2,3,6,12,15,17 	1
3,5,6,14,15 	1
6,7,18 	2
6,7,16 	17
4,5,8,15 	2
1,2,11,12,14 	1
4,6,7,16,17 	1
4,5,8,11 	1
2,3,5,8,9,12,14,15 	1
1,7,10,15,16 	12
5,6,8,9,10,12,15,17 	2
1,6,8,10 	1
3,4,8,9,12,15 	1
5,7,13,14 	7
4,5,6 	413666
4,5,8 	2
4,5,7 	2
4,5,6,11,12,15 	2
1,6,8,17 	2
1,6,8,16 	34
1,6,8,15 	10
3,4,15 	7
3,4,14 	2
2,4,9,15,17 	1
1,4,8 	573
1,4,7 	2
1,4,6 	43627
1,4,5 	24
5,6,8,9,12,15,17 	3
2,4,6,7,11 	12
1,5,7,15 	3
2,4,6,7,10 	1
2,4,6,7,13 	4
1,2,7,15,16 	192
2,3,9,15 	9
2,6,7,14 	1
2,6,7,15 	7
1,2,4,6,7,10 	20
1,2,4,6,8,11,15,17 	1
1,8,16,17 	44
3,5,6,9,14,15 	2
6,8,11,17 	3
1,2,11,15 	1
1,2,4,6,7,16 	82
1,2,4,6,7,15 	2
1,2,11,12 	20
1,2,4,6,7,11 	1
2,6,7,12 	1
2,6,7,13 	3
1,7,11,15 	1
5,7,18 	13
5,7,15 	11
3,17 	1
2,4,12,15 	1
5,6,10,15 	3
3,15 	106
2,3,9,12,15 	10
3,14 	4
3,11 	12
3,10 	2
2,4,6,7,15 	30
2,4,6,7,17 	1
2,4,6,7,16 	47
3,4,9,15 	12
5,7,13 	378
5,7,14 	2
1,4,8,15,17 	5
1,4,8,15,16 	1
4,5,9,15 	4
2,4,6,9,12,15,17 	1
1,4,7,8,15,16,17 	1
2,4,6,8,15,16 	2
2,4,6,8,15,17 	2
2,6,9,12,15,17 	1
3,8,9,12,15 	2
6,11,17 	2
6,11,16 	57
6,11,15 	6
6,11,13 	5
6,11,12 	31
3,5,9,14,15 	4
2,6,9,12,15 	1
2,3,4,5,6,8,9,15,17 	3
2,4,8,11,12 	4
1,2,4,6,7,8,17 	4
3,4,6,8,9,10,11,12,15,17 	1
2,4,8,11,15 	1
1,2,4,6,7,8,16 	123
2,15,16 	24
2,3,8,9,10,15 	4
1,7,10 	2
2,4,5,6,14,15 	1
2,3,5,6,8,9,10,15 	1
1,2,4,6,7,8,10 	2
2,3,4,5,6,8,9,12,15,17 	3
1,2,4,5,6,8,15 	1
1,7,11,13,15 	1
2,9,12 	1
1,7,15 	330
1,10,16 	253
2,3,8,9,10,11,12,15 	1
1,10,15 	1
3,4,5,6,8,9,10,11,12,15,17 	1
1,6,8 	53
3,8,9,15 	2
6,7,8 	3
1,6,7 	2084
8,11,12 	35
8,11,17 	6
8,11,16 	1
6,13,15 	8
2,5,6,9,15,17 	2
4,6,10 	831
4,6,12 	523
4,6,11 	33620
2,4,7 	45
4,6,14 	186
2,4,6 	12550
4,6,13 	241
4,6,16 	33084
2,4,8 	1563
4,6,15 	4162
4,6,18 	1
4,6,17 	339
2,3,4,6,8,9,10,12,15,17 	1
2,4,5 	439
1,7,13,15 	12
4,6,11,12,15 	12
2,3,5,6,8,9,12,15 	1
1,4,6,8,16,17 	19
1,2,7,10,15,16 	18
2,8,10,16 	1
1,2,4,6,8,11,16 	2
2,8,10,15 	3
2,4,5,6,12,15 	1
4,5,6,9,15,17 	1
1,4,6,7,11,13 	2
1,4,6,7,11,15 	2
1,4,6,7,11,16 	1
1,2,8,15,16,17 	18
2,5,6,8,10,15 	17
1,2,4,8,11 	1
1,2,4,8,12 	4
3,6,8,9,10,12,15,17 	2
1,4,6,7,17 	4
1,2,7,13,15 	14
1,4,6,7,15 	7
1,4,6,7,16 	315
2,4,6,13,15 	3
2,3,4,6,15,17 	1
2,3,5,6,9,15 	1
4,13,15 	2
4,13,14 	1
4,13,18 	3
2,3,5,9,10,11,15 	1
5,12 	2
2,6,10,15 	5
5,13 	278
5,14 	22
5,15 	11890
5,16 	3
5,18 	5
2,3,9,10,15 	3
2,7,8,10,15,16 	1
5,10 	122
5,11 	13711
2,3,4,5,8,9,15 	1
4,6,7,8 	23
2,4,6,7,8,16 	48
5,6,8,15 	7
5,8,10,15 	1
2,5,6,9,10,12,15,17 	2
1,10,15,16 	4
2,5,10,12,15 	3
2,5,6,10,14,15 	2
2,3,4,5,6,8 	3
4,6,8,11,16,17 	3
2,5,6,8,9,10,11,15,17 	1
4,6,11,16,17 	1
4,6,7,8,16,17 	2
2,3,5,6,8,9,10,12,15 	1
13,15 	7
13,14 	47
2,3,6,12,15 	1
2,7,13 	19
2,3,5,6,9,12,15,17 	3
2,6,8,9,10,12,15,17 	1
2,7,15 	356
1,4,6,7,8 	59
1,4,6,7,10 	9
1,4,6,7,11 	6
1,2,6,7,10 	5
1,2,8,11,12 	9
1,9,15 	1
2,3,6,8,10,15,17 	1
2,3,6,8,9,15 	1
13,18 	618
1,4,6,15 	60
2,4,5,6,12 	1
2,4,5,6,13 	5
2,5,6,8,9,10,12,15,17 	2
1,4,6,17 	15
2,4,5,6,14 	1
2,4,5,6,8,9,11,12,15,17 	3
1,4,6,16 	20611
2,4,5,6,15 	260
1,4,6,11 	806
1,4,6,10 	189
2,6,8,10,15 	2
3,4,5,6,9,11,12,15,17 	1
1,4,6,13 	6
1,4,6,12 	3
1,2,6,7,13 	1
1,2,7,8,15,16,17 	7
1,2,7,15 	94
1,2,6,7,15 	1
1,2,6,7,16 	2
4,17,18 	1
1,4,11,16 	2
1,4,11,15 	2
2,4,5,6,9,11,15,17 	1
1,4,11,12 	2
2,3,4,6,11,15 	2
4,6,9,15 	8
2,3,4,6,7 	1
2,3,4,6,8 	3
1,2,6,8,16,17 	3
1,8,10,15,16 	3
2,5,8,10 	5
2,4,6,9,15,17 	1
2,5,8,15 	35
7,13,18 	107
2,3,4,6,11 	6
4,5,6,8,11,15 	8
2,3,4,6,14 	1
7,13,14 	118
2,3,4,6,15 	2
2,3,6,8,9,10,12,15,17 	4
7,13,15 	59
6,7,13,14,18 	4
5,9,15 	11
2,5,6,8,10,12,14,15 	1
2,3,5,6 	16
2,3,5,9,12,15 	6
2,3,5,8 	8
2,4,5,6,10 	10
2,3,4,6,8,9,10,11,15,17 	1
2,3,5,9 	1
2,4,5,6,11 	666
2,4,5,8,15 	10
3,5,6,8,9,15 	1
2,3,5,6,8,9,10,12,15,17 	2
2,4,5,6,9,15,17 	1
1,6,11,15 	3
1,2,8 	63
3,4,5,6,9,14,15 	1
1,2,6 	1128
1,2,5 	8
2,3,5,14,15 	2
6,12,14,15 	1
1,2,5,15 	10
4,15,17 	3
4,6,16,17 	34
1,2,4,11,12 	5
1,2,4,11,15 	3
1,2,4,11,17 	1
2,5,8,9,15 	1
2,6,12,15 	2
2,6,12,14 	2
2,3,5,9,14,15 	2
7,15 	5539
7,14 	861
3,4,5,9,11,15 	1
7,17 	83
7,16 	1
2,5,6,11 	3
4,6,7,10,16 	1
2,5,6,10 	1
7,18 	3740
2,5,6,15 	175
2,5,6,14 	17
2,5,6,13 	1
3,4,5,6 	415
2,5,6,12 	10
7,11 	78
7,10 	46
9,13,14,18 	1
7,13 	2734
7,15,16 	221
2,4,5,6,7 	2
2,4,5,6,8 	16
2,4,5,6,8,9,15 	1
2,3,4,5,9,15 	1
2,3,4,6,9,11,12,15,17 	2
5,6,8,12,15 	1
2,4,5,8,11 	1
1,2,4,6,7,8 	66
3,4,6,8,15 	1
10,15,16 	1
2,3,6,9,15,17 	1
6,15,17 	1
2,5,10,14,15 	1
3,4,6,9,14,15 	1
1,2,4,5,6,15 	24
2,9,12,15 	1
1,4,5,6 	94
1,2,4,5,6,11 	7
6,7,8,16 	1
2,3,4,5,6,8,9,10,12,15,17 	1
2,4,5,6,8,11 	21
2,4,5,6,8,10 	2
2,4,5,6,8,15 	24
1,2,13,15 	1
2,3,5,9,15 	17
2,5,15 	341
2,3,4,5,6,8,15 	1
2,5,14 	4
11,12 	2958
2,5,12 	12
2,5,11 	16
11,13 	3
2,5,10 	38
2,8,12,15 	3
2,8,12,14 	1
2,5,18 	1
2,4,5,6 	2208
1,4,6,15,16 	1
1,4,6,15,17 	1
1,2,4 	135
11,16 	560
1,2,3 	3
11,15 	155
4,8,16,17 	5
11,17 	3
2,3,5,6,9,10,15,17 	1
1,6,11,16 	16
2,3,4,5,6,8,11 	1
7,8 	38
7,9 	2
8,15,16 	28
4,5,6,9,11,12,15,17 	1
8,15,17 	10
2,3,4,9,15 	3
7,8,15 	5
4,6,7,18 	1
4,6,7,16 	159
4,6,7,17 	1
2,3,4,5,6,8,9,10,15 	1
4,6,7,10 	10
4,6,7,11 	22
4,6,7,14 	1
2,4,5,6,10,11,15 	15
4,6,7,15 	102
4,6,7,13 	20
1,16,17 	5
2,4,7,14 	2
2,4,7,15 	3
6,8,9,10,15,17 	1
2,4,7,13 	4
4,6,12,15 	6
2,3,4,5,6,15,17 	1
2,4,7,11 	2
1,2,4,12 	16
7,11,15 	1
1,2,4,11 	16
1,2,4,16 	1
1,2,4,15 	28
1,3,6,15 	1
1,8,11,12 	3
4,6,7 	1671
4,6,9 	214
4,6,8 	14294
2,4,6,7,15,16 	2
3,5,6,8,15 	2
4,11,16,17 	1
1,2,4,5,6,7,11,15 	5
2,5,6,9,15 	2
2,3,4,5,6,8,9,11,15,17 	2
2,5,6,11,15 	1
2,6,10,12,15 	1
1,2,4,6,7,13,15 	1
1,4,11,16,17 	1
4,6,8,12,15 	1
2,4,5,6,8,10,11,15 	9
9,18 	1
3,5,6,8,9,12,15,17 	1
1,4,6,11,17 	2
6,16,17 	3
1,4,6,11,16 	25
1,4,6,11,15 	28
9,10 	63
9,11 	2
1,4,6,11,13 	1
1,4,6,11,12 	1
2,3,6,9,10,12,15,17 	2
2,4,5,6,8,9,15,17 	1
9,15 	112
3,5,6,15 	31
9,12 	1
2,3,5,6,8,10,12,15 	1
2,3,4,5,8,9,10,14,15 	1
7,15,16,17 	1
2,3,5,8,9,15 	15
1,2,4,6,13,15 	1
1,4,6,8,10,16 	2
6,7,11,15 	1
5,6 	526805
1,3,4,6 	2
1,4,8,17 	19
5,7 	1933
1,4,8,16 	1
5,8 	99
5,9 	5
1,4,8,15 	62
14,15 	7
2,5,8,10,15 	25
1,4,8,11 	4
3,4,6,9,12,15 	1
2,3,12,15 	1
2,3,5,11 	2
2,3,5,14 	1
2,3,5,15 	26
2,3,4,6,9,10,12,15,17 	3
4,5,6,8,10,11,15 	2
14,18 	273
2,6,9,15,17 	1
3,9,12,15 	2
1,2,4,6,8 	227
1,2,4,6,7 	219
2,3,14 	6
2,3,15 	9
2,3,11 	1
2,4,5,7,14,17,18 	1
1,4,6,13,15 	1
3,5,8,15 	1
1,6,8,16,17 	2
5,6,9 	1
5,6,8 	3
5,6,7 	7
2,5,6,8,10,15,17 	1
3,4,6,8,9,15 	2
6,7,13,15 	3
6,7,13,14 	1
4,5,6,12,15 	9
1,2,3,9,15 	1
4,7,14,18 	3
2,3,4,5,6,9,11,15,17 	4
4,5,6,11,15,17 	1
3,5,8,9,10,12,15 	1
2,4,5,15 	51
2,3,5,8,9,10,12,15 	10
2,3,9,10,12,15 	2
4,5,8,11,15 	1
2,4,5,11 	13
2,5,11,15 	1
2,4,5,13 	2
2,3,4,5,9,10,14,15 	1
3,4,5,6,10,11 	2
3,4 	14921
3,5 	5690
3,6 	2939
3,7 	1
3,8 	1
7,8,15,16,17 	2
3,5,12,15 	1
4,5,10,15 	2
4,5,7,13 	8
1,4,7,8,15,16 	1
2,5,6,7,14 	1
2,5,6,7,13 	3
2,5,6,8,9,10,15 	1
1,6,7,11 	4
5,10,14 	1
1,6,7,10 	25
2,3,4,5,6,7,9,15 	1
2,6,7 	189
5,10,15 	6
5,13,14,18 	4
1,4,6,7,8,17 	1
1,4,6,7,8,16 	70
1,4,6,7,8,15 	1
1,6,7,16 	24
2,6,9 	1
1,6,7,15 	1
2,6,8 	46
5,10,11 	1
2,13,18 	1
2,13,15 	1
1,2,4,6,8,15,16 	1
2,13,14 	1
3,4,6 	789
3,4,5 	14
2,3,8,9,12,15 	7
2,3,4,5,8,9,10,12,15 	5
2,3,6,8,9,10,12,14,15,17 	1
2,3,4,6,8,11 	2
2,4,6,10,12 	1
1,2,4,6,17 	1
2,4,6,10,11 	3
4,6,7,8,10 	1
1,2,4,6,16 	314
4,6,7,8,11 	1
1,2,4,6,15 	2
2,3,4,6,8,15 	1
2,4,6,10,16 	1
2,4,6,10,15 	3
1,2,4,6,12 	1
1,2,4,6,11 	51
4,5,10,11 	1
4,6,7,8,16 	49
1,2,4,6,10 	63
1,2,4,6,11,15 	4
4,6,7,8,17 	1
1,4,5,6,7,15 	3
3,5,10 	2
2,3,4,5,6,11,14,15,17 	1
2,3,4,5,6,14 	1
2,8,16,17 	17
2,3,9,12,15,17 	1
2,3,4,5,6,11 	7
2,6,7,8,16 	1
2,3,6,8,9,15,17 	1
2,3,4,5,6,15 	6
4,6,10,11 	135
2,3,5,8,9,10,12,14,15 	1
3,5,11 	5
3,5,15 	179
2,6,8,15,17 	1
6,8,12 	7
6,8,11 	25
4,5,6,10,11,15 	10
6,8,16 	48
6,8,15 	26
4,6,10,15 	2
4,6,10,16 	41
4,7,11 	2
1,7,8,10,15,16 	4
4,7,13 	32
4,7,15 	13
4,7,14 	2
4,7,16 	1
4,7,18 	14
4,5,6,9,15 	8
1,2 	605
1,3 	3
1,4 	2272
1,4,6,7,13,15 	1
1,5 	373
1,6 	144067
6,8,17 	26
1,7 	6249
1,8 	2814
2,4,6,7,13,15 	2
4,6,7,15,16 	3
2,10,14,15 	1
5,7,13,14,18 	8
2,3,4,6,9,12,15 	1
4,8,11,17 	9
4,8,11,12 	2
2,3,5,6,8,11,12,15 	1
6,8,15,17 	2
2,3,4,5,6,11,15 	6
2,3,4,5,6,11,17 	1
2,4,5,8,10,14,15 	1
4,9,11 	2
3,6,8 	1
4,6,8,9,12,15 	1
4,9,15 	9
1,2,8,15,16 	133
1,2,8,15,17 	2
1,5,15 	9
1,8,15,16 	76
1,5,16 	1
1,8,15,17 	6
4,5,6,7,13 	2
2,6,8,9,10,15,17 	1
4,5,6,7,15 	1
2,4,6,7,11,15 	2
2,3,5,6,8,9,10,15,17 	1
3,4,6,15 	20
16,17 	30
3,4,6,12 	1
2,16 	1215
3,4,6,11 	30
2,15 	812
2,14 	91
2,13 	102
2,4,5,6,8,10,15 	7
2,12 	455
2,11 	252
2,10 	24
3,5,6,8,10,15 	1
2,4,5,6,8,10,11 	4
2,5,8,12,15 	2
1,2,4,6,8,15,16,17 	1
4,6,8,16,17 	115
2,11,15 	1
6,9,14,15 	1
2,11,12 	230
2,3,5,6,9,12,15 	1
2,4,5,11,15 	2
2,4,5,6,10,11 	20
2,4,5,6,10,15 	11
3,4,5,9,15 	6
3,6,8,9,12,15,17 	1
2,17 	7
4,10,11 	363
4,10,16 	1
1,2,7,8,15 	5
1,11,12 	31
1,3,4,6,11 	2
1,7,8,15,16 	128
2,3,4,8,9,12,15 	1
2,5,6,9,12,15,17 	2
1,11,15 	6
10,11 	24
2,4,6,8,9,15 	1
1,11,16 	23
10,12 	1
1,2,4,5,6,11,15 	17
2,6,7,13,15 	1
4,5,6,8 	113
4,5,6,9 	1
2,3,6,8,9,12,15,17 	1
1,2,4,5,6,7,15 	3
2,3,4,5,8,15 	3
5,7,14,18 	14
1,4,5,6,15 	15
4,8,15,17 	2
2,7,15,16 	60
1,4,5,6,11 	53
3,6,14,15 	1
10,15 	2
10,16 	216
1,2,4,7,13,15 	1
1,4,6,7,10,16 	2
2,3,4,5,10,15 	1
10 	1593
11 	2820195
12 	1781
13 	1777
2,3,8,9 	1
14 	1826
15 	9060
16 	630639
17 	1386
18 	12146
2,3,4,5,6,8,9,15 	4
2,4,5,6,12,15,17 	1
2,4,6,8 	488
4,5,10 	1
2,4,6,9 	2
4,5,11 	570
2,4,6,7 	281
4,5,13 	2
4,5,15 	119
2,3,6,9,15 	2
2,3,5,6,15 	8
2,3,5,6,14 	1
4,6,11,13,15 	2
1,4,6,8,15,17 	1
1,4,6,8,15,16 	2
1,5,8 	2
2,3,5,8,9,10,11,12,15 	1
1,5,6 	58
6,9,15,17 	1
5,6,8,9,15,17 	3
2,3,8 	2
2,3,4 	11
2,4,6,10,11,15 	3
4,6,9,11,12 	1
2,3,6 	12
2,3,5 	118
3,5,6,10,15 	1
3,5,6,9,12,15,17 	2
5,6,9,15 	18
1,4,8,16,17 	2
2,6,8,9,15,17 	3
2,4,6,8,9,12,15,17 	2
6,9,10,12,14,15 	1
1,2,4,7,8,15,16 	1
7,8,15,16 	60
2,4,6,7,8 	8
2,4,6,8,11 	86
3,4,5,6,14,15 	1
2,4,6,8,12 	7
2,3,4,6,9,15,17 	1
2,4,6,8,10 	2
2,4,5,6,7,15 	2
2,4,6,12,15 	2
2,3,5,6,8,15 	2
2,5,6,8,9,10,15,17 	3
2,4,5,6,7,13 	4
1,2,4,8,11,15,16,17 	1
4,11 	175133
4,12 	857
6,9,15 	16
4,13 	423
4,14 	147
2,14,15 	1
4,15 	3933
4,16 	42958
4,17 	663
5,6,14 	7
6,9,12 	1
4,18 	17
5,6,15 	1480
1,2,6,8,15,16 	3
2,8,14 	1
2,4,11,15 	2
2,8,15 	58
3,4,5,9,14,15 	1
2,5,8,10,11,15 	1
2,8,16 	433
1,8,11 	2
2,8,17 	30
1,8,10 	25
5,6,11,15 	2
2,4,11,12 	20
4,10 	856
1,4,6,8,10 	2
1,8,15 	26
1,4,6,8,11 	10
2,5,6,8,9,12,15,17 	3
2,4,6,8,17 	20
3,5,6,12,14,15 	1
3,5,6,12,15 	3
2,8,10 	7
1,8,17 	10
2,4,6,8,15 	16
2,8,11 	19
1,8,16 	1812
2,4,6,8,16 	306
2,8,12 	92
5,6,12 	2
2,6,8,9,15 	1
5,6,13 	2
5,6,10 	1
5,6,11 	523
1,2,4,7,15 	1
1,2,8,15 	10
1,2,8,16 	373
1,2,8,11 	4
1,4,6,8,15 	17
1,2,8,12 	1
1,4,5,6,11,15 	15
1,4,6,8,16 	923
1,4,6,8,17 	24
2,6,8,15 	10
2,6,8,16 	8
1,2,4,6,8,11 	3
2,6,8,17 	2
1,2,4,6,8,10 	1
1,2,4,6,8,17 	19
1,2,4,6,8,16 	203
2,6,8,10 	4
1,2,4,6,8,12 	2
1,4,6,7,8,16,17 	1
2,6,8,12 	4
3,6,9,10,15,17 	1
1,2,4,6,8,15 	1
4,5,6,8,10,15 	1
4,6,7,13,15 	6
5,6,12,14,15 	1
4,5,6,8,10,11 	3
2,3,4,5,9,12,15 	2
2,7,8,15 	1
1,2,3,10,15 	1
2,5,6 	1468
2,5,8 	55
2,5,7 	13
3,6,12,15 	2
1,5,6,11 	2
2,3,5,6,8,15,17 	1
1,2,4,8 	11
1,2,4,6 	998
1,2,4,5 	5
3,4,5,6,8,9,11,12,15,17 	1
6,12,15 	41
6,8,12,15 	1
4,6,8,11,15,17 	1
1,2,10,15 	5
1,2,10,16 	58
2,3,5,9,10,12,15 	2
4,6,7,11,15 	1
8,15,16,17 	5
4,6,7,11,13 	2
2,5,7,14 	1
2,5,7,13 	6
4,5,6,8,12,15 	3
2,4,6,8,11,15,17 	1
1,8,15,16,17 	4
5,6,7,15 	1
5,6,7,13 	7
2,3,4,5,6 	19
6,14,15 	2
8,12,15 	2
6,14,18 	1
4,16,17 	9
1,2,4,6,7,8,10,16 	2
4,6,15,16 	3
5,6,10,12,15 	1
2,4,5,8,10,12,14,15 	1
5,6,9,10,15,17 	1
2,3,4,5 	2
2,3,4,6 	31
2,4,5,6,9,15 	1
6,14 	60
2,6,17 	4
6,13 	308
2,6,16 	30
6,16 	9950
2,6,15 	121
6,15 	11608
2,6,14 	11
6,18 	5
1,4,6,8,11,15,17 	2
2,6,13 	17
6,17 	69
12,15 	21
2,6,12 	29
2,5,6,14,15,17 	1
2,6,11 	30
4,6,15,17 	1
6,10 	1117
4,5,6,8,9,10,11,12,15,17 	1
6,12 	457
6,11 	17657
2,5,6,9,10,15,17 	1
2,6,10 	15
12,16 	8
1,6,10,16 	6
2,5,6,7 	4
2,5,6,8 	3
2,5,6,9 	3
1,2,3,4,5,6,7,8,9,10,11,12,13,14,15,16,17,18 	1
1,6,10,11 	1
1,2,7,12,15 	1
1,2,4,5,7,15 	7
2,5,6,8,9,15,17 	4
4,5,6,8,9,10,12,15,17 	1
1,2,4,8,15,16 	1
2,8,11,12 	70
2,8,10,15,16 	1
1,2,6,8 	31
1,2,6,7 	276
2,3,4,9,10,15 	1
9,12,15 	95
1,7,10,15 	1
2,3,5,8,15 	6
5,6,9,12,15,17 	1
4,5,6,10,11 	94
4,5,6,10,14 	1
2,3,4,5,15 	7
4,5,6,10,15 	4
2,3,5,6,8,9,15,17 	3
13,14,18 	66
13,14,17 	1
5,14,18 	2
1,4,6,16,17 	2
1,4,6,7 	585
1,4,6,8 	1402
1,2,8,10,16 	3
5,14,15 	22
2,3,4,8,9,10,11,12,14,15 	1
2,3,5,6,8,9,10,12,14,15,17 	1
3,4,6,9,15 	13
1,4,5,15 	3
4,6,8,11,17 	50
2,4,6,8,16,17 	9
1,4,5,11 	2
1,2,6,8,16 	15
1,2,6,8,17 	5
2,3,8,15 	2
4,7,17,18 	2
1,2,4,6,7,10,16 	5
2,4,5,6,8,10,11,15,17 	1
4,6,8,17 	330
3,5,6,9,15,17 	2
4,6,8,12 	14
4,6,8,11 	812
4,6,8,10 	3
4,6,8,11,15 	7
4,6,8,16 	3277
4,6,8,11,16 	34
4,6,8,15 	65
2,3,6,8 	1
1,2,3,8,9,12,15 	1
2,3,4,8,9,10,15 	1
1,3,4 	1
5,8,16 	1
3,4,5,6,11,12,15,17 	1
2,4,5,6,15,17 	3
7,14,18 	626
3,4,6,8,9,12,15,17 	1
4,5,6,9,12,15 	1
2,7,13,15 	68
3,9,14,15 	2
5,8,15 	5
2,7,13,14 	1
1,2,8,10,15,16 	1
3,6,9,15 	19
3,9,15 	17
5,8,10 	1
4,6,11,15,17 	1
2,3,5,8,9,10,15 	10
2,4,5,7,13 	2
2,4,5,7,15 	1
3,5,6,9,10,15,17 	1
4,6,8,9,10,12,15 	1
1,2,6,11 	1
1,2,6,10 	37
1,8,10,16 	6
1,2,6,15 	3
1,2,6,17 	1
1,2,6,16 	22
2,3,4,5,6,9,12,15 	1
3,4,6,9 	1
1,2,4,12,14 	1
2,6,13,15 	1
