2,4,15 	289
3,4,5,9,10,15 	1
8,17 	2184
2,4,16 	2
2,10,15 	8
2,4,13 	16
8,15 	87
2,4,14 	17
8,16 	5131
2,4,11 	383
1,4,6,12,19 	3
2,4,12 	167
8,19 	704
2,3,4,8,9,10,12,14,15 	2
2,4,10 	3
2,3,5,10,12,15 	1
6,17,19 	1
8,10 	6
2,4,19 	22
2,10,16 	7
8,14 	1
2,4,17 	1
8,11 	152
2,3,8,9,10,12,15 	7
2,4,18 	1
8,12 	90
1,4,8,11,15,19 	1
7,10,15,16 	4
4,6,8,11,16,17,19 	1
2,7,8,15,16 	57
4,11,15,19 	5
3,4,5,6,9,15,19 	1
6,12,15,19 	8
4,5,6,11,15 	146
4,5,6,11,14 	1
4,5,6,11,19 	215
1 	1358245
2 	24240
2,4,7,11,15 	1
3 	2002
4 	3693084
5 	1286266
2,3,4,14 	1
6 	18216961
2,3,4,5,8,9,10,15 	1
7 	27882
8 	272777
2,3,6,8,10,15,17,19 	1
9 	739
3,4,8,9,10,15 	1
1,2,5,11,15 	1
5,13,14 	1
2,4,6,17 	5
6,7 	5191
2,4,6,15 	150
6,8 	1395
6,8,16,17 	3
2,4,6,16 	836
6,9 	180
1,7,8,15 	4
2,4,6,13 	12
2,5,12,15 	1
3,4,6,11,12,15,19 	1
6,8,16,19 	3
2,4,6,14 	7
2,4,6,11 	511
2,4,6,12 	19
7,10,15 	2
2,4,6,10 	27
2,3,4,5,8,9,10,12,14,15 	2
1,2,10 	3
1,2,11 	15
4,7,13,14,18 	2
1,2,12 	3
2,3,6,15,19 	3
1,2,13 	4
2,4,5,6,8,11,19 	1
1,2,15 	100
1,2,16 	936
6,8,9,10,15,17,19 	1
2,3,5,8,9,12,15 	9
1,2,19 	158
2,4,6,19 	202
4,5,6,9,11,15,17,19 	1
3,5,6,8,9,10,12,15,17 	1
15,17 	44
15,16 	111
2,4,5,6,8,11,15 	8
1,2,6,15,19 	2
6,8,16,17,19 	1
2,3,4,5,6,8,11,19 	1
15,19 	3431
2,3,5,6,9,15,17 	1
1,15,17 	1
1,15,16 	287
2,4,5,6,8,10,12,15 	1
1,15,19 	560
1,4,6,8,11,17,19 	1
2,5,10,11 	1
3,4,9,14,15 	1
2,3,4,5,8,9,12,15 	7
1,2,8,11,12,19 	9
11,16,19 	18
11,16,17 	1
4,6,13,15 	13
2,3,4,5,8,9,12,14,15 	1
2,6,7,17,18 	1
2,8,15,17 	4
4,6,13,19 	6
2,3,4,5,6,11,15,17 	1
2,3,5,9,10,12,14,15 	2
1,4,5,6,11,15,19 	14
2,5,6,8,19 	2
3,4,5,6,11 	58
1,6,7,11,16 	1
2,3,4,6,15,17,19 	1
2,3,4,5,6,11,15,19 	4
3,5,6,9,15 	15
1,2,15,16 	98
1,2,15,19 	2
3,4,6,8,9,10,11,12,15,17,19 	1
4,5,6,11 	27068
2,3,8,9,15 	12
4,5,6,10 	83
3,6,10 	1
4,5,6,13 	3
3,6,11 	2
4,5,6,12 	2
8,16,17 	145
8,16,19 	5
2,5,6,8,15 	13
4,5,6,19 	431
4,8,11,16,17 	5
1,10,16,19 	1
4,5,6,15 	1215
4,5,6,14 	1
7,9,18 	2
1,4,8,11,19 	4
2,5,10,15 	31
3,6,19 	8
1,6,13,19 	1
3,6,12 	1
4,5 	104622
4,6 	5230579
3,6,15 	52
4,7 	487
1,2,4,6,12,19 	1
1,2,4,6,8,11,15,17,19 	1
4,8 	36621
4,9 	69
1,6,8,15,19 	8
1,2,3,15 	1
5,6,9,14,15 	1
1,4,6,8,11,19 	9
2,5,6,10,12,15 	2
9,11,12 	1
1,4,7,15 	3
10,12,15 	1
1,6,10,16,19 	1
2,3,6,19 	2
3,4,5,6,15 	12
3,4,5,6,19 	1
2,5,6,8,15,19 	9
1,2,4,8,11,19 	1
1,2,5,7,15 	4
1,2,6,7,15,19 	1
2,5,6,9,10,12,15,17,19 	2
2,8,15,16 	30
2,3,5,6,12,14 	1
2,3,6,12 	1
2,3,6,15 	6
1,2,10,15,16 	12
2,6,8,9,10,15,17,19 	1
1,4,7,19 	1
2,4,7,13,15 	1
2,5,6,10,15 	21
4,6,15,16,19 	1
1,6,15,19 	95
1,2,5,11,12,19 	1
1,4,11 	9
4,5,6,8,11 	37
4,11,14 	1
1,4,15 	10
1,4,6,8,15,17,19 	1
4,11,12 	497
4,5,6,8,15 	11
4,11,17 	7
1,4,16 	306
1,4,19 	678
4,11,15 	315
4,11,16 	6
2,3,5,6,8,9,12,15,17 	4
4,11,19 	283
1,4,5,6,8,19 	4
4,6,7,8,11,15,19 	1
3,4,5,6,9,15 	6
1,6,7,15,19 	1
4,5,6,8,19 	2
4,7,13,14 	2
4,7,13,15 	1
4,7,13,18 	1
4,6,8,15,17 	9
2,3 	83
2,4,6,9,12,15,17,19 	1
4,5,6,11,14,19 	1
2,4 	37195
4,6,8,15,19 	3
2,5 	3719
7,8,15,16,17,19 	1
2,3,4,8,9,15 	3
2,6 	8587
2,7 	131
2,8 	1565
2,9 	10
4,6,8,15,16 	1
1,2,4,11,15,19 	2
3,5,9,15 	18
1,13,15 	2
1,2,7,8,15,16 	206
1,7,8,15,16,17 	3
2,12,15 	3
1,2,4,6,8,16,17 	16
1,2,5,15,19 	1
2,4,5,10,15 	9
1,13,19 	1
1,3,4,6,11,19 	2
3,5,6,8,10,15,19 	1
1,2,4,6,8,16,19 	4
2,12,19 	1
2,4,5,6,11,12 	5
2,6,7,15,19 	1
2,4,5,6,11,15 	71
3,5,8,9,12,15 	2
2,3,4,5,9,10,12,14,15 	1
2,3,5,6,8,10,15,17 	1
1,4,6,7,11,13,19 	2
2,4,5,6,11,19 	60
4,7,8,15 	1
5,6,8,15,19 	3
1,7,15,16 	625
4,5,6,8,9,10,11,12,15,17,19 	1
2,11,12,19 	1
3,5,7 	2
3,5,6 	396
1,14 	2
5,6,12,19 	1
1,15 	225
1,12 	7
1,13 	5
3,5,6,9,10,15,17,19 	1
1,10 	585
2,4,10,15 	1
5,6,12,15 	7
1,11 	1490
1,4,16,19 	1
5,11,14 	1
5,11,15 	6
5,11,19 	2
1,2,4,6,7,8,16,17 	3
2,3,5,6,9,15,17,19 	1
1,4,6,11,12,19 	1
7,13,14,18 	57
1,2,4,6,7,16,19 	1
2,5,6,14,15 	4
2,3,6,9,12,15,17 	1
3,8,9,10,12,15 	1
2,4,8,17 	1
2,4,8,16 	1
2,4,8,15 	4
2,4,8,14 	1
2,4,8,12 	41
2,4,8,11 	39
1,2,7,8,10,15,16 	4
1,19 	1255245
1,16 	83327
2,4,6,11,12 	5
1,17 	3
1,4,5,6,7,11,15,19 	3
2,4,6,11,16 	1
2,4,6,11,15 	19
1,2,4,6,10,16 	1
2,4,6,11,19 	41
4,5,6,9,11,12,15,17,19 	1
17,18 	2
17,19 	2
3,4,5,15 	7
4,5,11,15 	1
3,4,5,11 	1
4,5,11,19 	2
6,8,9,12,15,17 	1
4,5,6,15,19 	16
3,4,5,6,9,11,15,17,19 	1
5,6,14,15 	2
6,10,19 	2
1,2,6,7,13,19 	1
4,6,11,12 	203
2,3,4,6,11,12,15,19 	1
2,4,5,8,10,15 	6
6,10,11 	8
3,6,9,15,19 	2
1,5,6,11,19 	2
6,7,11 	8
6,7,10 	10
1,4,6,10,19 	2
2,4,6,8,11,12 	1
2,4,6,8,11,17 	11
6,7,15 	140
6,7,14 	1
2,4,6,8,11,15 	10
6,7,13 	23
1,4,6,10,16 	59
4,6,11,14 	1
4,6,11,13 	4
2,4,6,8,11,19 	4
4,6,11,16 	121
4,6,11,15 	92
4,6,11,17 	17
4,8,11 	183
4,6,11,19 	1573
4,8,12 	39
1,2,8,16,17 	26
4,8,17 	265
2,3,4,6,8,11,19 	1
1,2,8,16,19 	1
1,6,10 	405
2,4,8,11,15,17 	2
4,8,15 	100
1,6,11 	438
3,4,5,6,8,9,11,12,15,17,19 	1
4,8,16 	9
1,6,16 	3787
1,6,17 	1
2,3,4,6,8,11,15 	1
2,3,6,12,15,19 	1
4,6,9,15,19 	1
1,15,16,17 	1
4,8,19 	2919
1,2,4,5,15 	23
1,6,15 	1
6,7,19 	6
6,7,18 	2
1,6,19 	1566
6,7,16 	17
5,6,8,9,10,12,15,17,19 	2
5,6,8,9,15,17,19 	3
4,5,8,15 	2
4,6,7,16,19 	1
4,6,7,16,17 	1
5,6,8,9,12,15,17,19 	3
4,5,8,11 	1
1,2,11,12,19 	18
2,3,4,6,9,15,17,19 	1
2,3,5,8,9,12,14,15 	1
1,7,10,15,16 	12
3,4,19 	1
1,6,8,10 	1
3,4,8,9,12,15 	1
5,7,13,14 	7
4,5,6 	413235
4,5,8 	2
4,5,7 	2
1,6,8,19 	9
3,4,6,8,9,12,15,17,19 	1
4,5,6,11,12,15 	2
1,2,3,4,5,6,7,8,9,10,11,12,13,14,15,16,17,18,19 	1
1,6,8,17 	2
1,6,8,16 	33
1,4,6,8,16,17,19 	1
1,6,8,15 	2
3,4,15 	7
1,4,11,15,19 	2
3,4,14 	2
1,4,8 	7
6,8,12,15,19 	1
1,4,7 	1
1,4,6 	42169
1,4,5 	23
1,6,11,16,19 	6
2,4,6,7,11 	12
1,5,7,15 	3
2,4,6,7,10 	1
2,4,6,7,13 	4
2,4,6,11,15,19 	2
1,2,7,15,16 	192
2,3,9,15 	9
2,6,7,14 	1
2,6,7,15 	6
1,2,4,6,7,10 	20
1,4,6,7,11,15,19 	2
1,8,16,17 	44
2,6,7,19 	2
3,5,6,9,14,15 	2
6,8,11,17 	3
1,2,11,15 	1
1,2,4,6,7,16 	81
6,10,12,19 	1
1,2,11,12 	2
1,2,4,11,17,19 	1
1,2,11,19 	71
1,2,4,6,7,11 	1
2,6,7,12 	1
2,6,7,13 	2
1,7,11,15 	1
2,3,4,5,6,8,9,15,17,19 	3
5,7,18 	13
5,7,15 	11
3,17 	1
2,4,12,15 	1
5,6,10,15 	3
1,8,16,19 	1
3,15 	100
2,3,9,12,15 	10
3,14 	4
2,5,6,9,15,17,19 	1
3,11 	12
3,10 	2
2,4,6,7,19 	7
1,4,6,17,19 	1
1,4,8,15,19 	62
2,4,6,7,15 	20
2,4,6,7,17 	1
3,6,9,15,17,19 	1
2,4,6,7,16 	47
3,5,6,12,15,19 	2
3,4,9,15 	12
5,7,13 	378
5,7,14 	2
1,4,8,15,16 	1
1,4,8,15,17,19 	5
2,3,5,6,9,10,12,15,17,19 	1
4,5,9,15 	4
1,4,7,8,15,16,17 	1
4,6,8,9,12,15,19 	1
2,4,6,8,15,16 	2
2,6,9,12,15,19 	1
2,4,6,8,15,17 	2
1,2,4,6,11,15,19 	4
2,3,6,9,12,15,17,19 	1
6,11,19 	467
3,8,9,12,15 	2
6,11,17 	2
4,5,11,15,19 	1
6,11,16 	45
2,4,5,6,9,11,15,17,19 	1
6,11,15 	5
3,19 	1
6,11,13 	5
6,11,12 	31
3,5,9,14,15 	4
2,3,4,5,6,8,9,10,12,15,17,19 	1
1,2,4,8,15,16,19 	1
9,15,19 	87
2,3,4,5,6,8,9,11,12,15,17,19 	1
2,4,8,11,12 	4
1,2,4,6,7,8,17 	4
2,4,8,11,15 	1
1,2,4,6,7,8,16 	123
2,15,16 	24
2,3,8,9,10,15 	4
1,7,10 	2
2,4,5,6,14,15 	1
2,3,5,6,8,9,10,15 	1
2,9,19 	2
2,15,19 	5
1,2,4,6,7,8,10 	2
2,3,4,5,6,8,9,12,15,17 	1
6,11,16,19 	12
1,2,4,5,6,8,15 	1
1,7,11,13,15 	1
2,9,12 	1
1,7,15 	330
1,10,16 	252
2,3,4,5,6,8,9,15,19 	2
2,3,8,9,10,11,12,15 	1
1,10,15 	1
4,6,8,17,19 	11
1,6,8 	44
3,8,9,15 	2
6,7,8 	3
1,6,7 	2078
8,11,12 	35
8,11,17 	6
8,11,16 	1
2,5,6,9,15,19 	1
6,13,15 	7
2,5,6,9,15,17 	1
4,6,10 	831
6,13,19 	5
4,6,12 	515
4,6,11 	32047
2,4,7 	45
4,6,14 	186
2,4,6 	12348
3,4,6,9,12,15,19 	1
4,6,13 	235
4,6,16 	32665
2,4,8 	1563
4,6,15 	4036
4,6,18 	1
2,3,4,6,8,9,11,12,15,17,19 	1
4,6,17 	315
2,4,5 	437
4,6,19 	10398
4,6,11,12,19 	1
1,7,13,15 	12
4,6,11,12,15 	6
2,3,5,6,8,9,12,15 	1
1,4,6,8,16,17 	18
2,3,4,6,8,9,10,11,15,17,19 	1
1,2,8,15,16,19 	1
1,2,7,10,15,16 	18
1,4,6,8,16,19 	10
2,8,10,16 	1
1,2,4,6,8,11,16 	2
1,2,4,6,8,11,19 	3
2,8,10,15 	3
2,3,5,6,8,9,10,15,17,19 	1
2,3,5,6,12,15,19 	2
1,2,4,5,6,11,15,19 	16
2,3,4,5,6,15,17,19 	1
5,6,12,15,19 	3
1,4,6,7,11,16 	1
1,2,8,15,16,17 	18
4,5,6,9,15,19 	1
1,4,6,7,11,19 	2
2,5,6,8,10,15 	16
3,6,8,9,10,12,15,17 	1
2,3,6,8,9,15,17,19 	1
1,4,6,7,17 	4
1,2,4,8,19 	11
1,2,7,13,15 	14
1,4,6,7,19 	6
2,5,6,8,10,19 	1
1,4,6,7,15 	1
4,5,6,7,15,19 	1
1,4,6,7,16 	315
1,4,5,6,15,19 	15
2,4,6,9,11,15,17,19 	1
2,4,6,13,15 	3
2,6,9,19 	1
3,4,5,6,15,19 	5
2,3,5,6,9,15 	1
4,13,15 	2
2,3,4,6,15,19 	2
4,13,14 	1
4,13,19 	3
4,13,18 	3
1,4,6,7,8,15,19 	1
2,3,5,9,10,11,15 	1
2,4,5,6,11,12,19 	1
5,12 	2
2,6,10,15 	5
5,13 	278
1,11,15,19 	6
5,14 	22
5,15 	11888
5,16 	3
1,2,4,6,7,19 	6
5,18 	5
5,19 	27
2,3,9,10,15 	3
2,7,8,10,15,16 	1
2,4,11,15,19 	1
5,10 	122
5,11 	13709
2,3,4,5,8,9,15 	1
4,6,7,8 	23
2,4,6,9,19 	1
2,4,6,7,8,16 	48
1,4,8,17,19 	19
2,4,5,6,9,15,17,19 	1
5,6,8,15 	4
8,11,19 	9
1,8,15,17,19 	3
5,8,10,15 	1
4,6,11,16,19 	55
5,9,15,19 	1
2,3,6,8,10,15,19 	1
1,10,15,16 	4
2,5,10,12,15 	3
2,5,6,10,14,15 	2
2,3,4,5,6,8 	3
4,6,8,11,16,17 	2
1,2,4,6,13,15,19 	1
4,6,8,11,16,19 	10
2,4,6,15,19 	12
4,6,11,16,17 	1
4,6,7,8,16,17 	2
13,15 	7
3,4,5,6,9,11,12,15,17,19 	1
13,14 	47
2,3,4,5,9,15,19 	1
2,7,13 	19
2,3,5,6,9,12,15,17 	1
3,5,6,8,9,10,12,15,17,19 	1
2,7,15 	356
1,2,4,5,6,19 	11
1,4,11,19 	100
1,4,6,7,8 	59
1,4,6,7,10 	9
1,4,6,7,11 	4
2,4,5,6,8,9,11,15,17,19 	1
3,4,6,15,19 	11
1,2,6,7,10 	5
13,19 	1
2,5,6,14,15,17,19 	1
1,2,8,11,19 	3
2,3,6,8,9,15 	1
13,18 	618
1,4,6,15 	5
2,4,5,6,12 	1
2,4,5,6,13 	5
1,2,6,7,19 	1
1,4,6,17 	14
2,4,5,6,14 	1
1,4,6,16 	20398
2,4,5,6,15 	226
1,4,6,11 	100
1,4,6,10 	187
2,6,8,10,15 	2
2,3,5,6,8,9,15,17,19 	3
2,4,5,6,19 	69
1,2,7,8,15,16,17 	7
1,2,7,15 	94
1,2,6,7,16 	2
4,17,18 	1
1,4,11,16 	1
3,4,5,6,11,19 	1
4,6,9,19 	1
4,17,19 	21
2,4,9,15,17,19 	1
2,3,4,6,11,15 	2
1,4,6,7,13,15,19 	1
1,4,6,19 	1458
1,2,4,6,16,19 	1
4,6,9,15 	7
2,3,4,6,7 	1
2,3,4,6,8 	3
2,3,4,6,19 	1
1,2,6,8,16,17 	3
4,11,13,19 	1
1,8,10,15,16 	3
2,5,8,10 	5
4,5,6,8,11,19 	1
2,4,5,15,19 	1
2,5,8,15 	35
7,13,18 	107
2,3,4,6,11 	6
4,5,6,8,11,15 	7
11,13,19 	1
2,3,4,5,6,12,15,19 	1
2,3,4,6,14 	1
7,13,14 	118
2,3,6,8,9,10,12,15,17 	1
7,13,15 	59
2,5,6,8,9,10,15,17,19 	2
6,7,13,14,18 	4
3,5,6,10,15,19 	1
5,9,15 	10
2,5,6,8,10,12,14,15 	1
2,3,5,6 	14
2,3,5,9,12,15 	6
2,3,5,8 	8
2,4,5,6,10 	9
2,3,5,9 	1
2,4,5,6,11 	606
2,4,5,6,9,15,19 	1
2,4,5,8,15 	10
3,5,6,8,9,15 	1
2,3,5,6,8,9,10,12,15,17 	1
2,3,5,6,8,9,10,12,15,19 	1
1,2,8 	39
3,5,6,14,15,19 	1
3,4,5,6,9,14,15 	1
1,2,6 	1122
1,2,5 	7
3,6,15,19 	23
2,3,5,14,15 	2
1,2,5,15 	9
4,15,17 	1
12,15,19 	13
4,6,16,17 	32
1,2,5,19 	1
2,4,5,6,8,9,10,12,15,17,19 	1
1,2,4,11,12 	1
1,2,4,11,15 	1
1,2,11,12,14,19 	1
4,15,19 	53
2,5,8,9,15 	1
1,2,4,11,19 	16
2,6,12,15 	1
2,6,12,14 	2
2,3,5,9,14,15 	2
7,15 	5539
7,14 	861
7,17 	83
7,16 	1
8,15,17,19 	1
2,5,6,11 	3
4,6,7,10,16 	1
7,19 	3
2,5,6,10 	1
6,9,15,17,19 	1
7,18 	3740
2,5,6,15 	150
2,5,6,14 	17
2,5,6,13 	1
3,4,5,6 	414
4,6,16,19 	419
2,5,6,12 	10
2,5,6,19 	5
7,11 	78
7,10 	46
9,13,14,18 	1
7,13 	2734
7,15,16 	221
2,4,5,6,7 	2
2,4,5,6,8 	14
2,3,4,6,9,11,12,15,17 	1
1,2,4,8,11,16,19 	1
5,6,8,12,15 	1
2,4,5,8,11 	1
1,2,4,6,7,8 	66
1,17,19 	1
2,3,6,9,15,19 	2
10,15,16 	1
2,3,6,9,15,17 	1
6,15,17 	1
6,15,19 	507
1,4,5,15,19 	1
2,5,10,14,15 	1
3,4,6,9,14,15 	1
2,4,5,6,8,19 	2
2,3,4,5,6,11,17,19 	1
1,4,5,6 	7
6,7,8,16 	1
2,4,5,6,8,11 	20
2,4,5,6,8,10 	2
2,4,5,6,8,15 	23
1,2,13,15 	1
3,5,15,19 	2
2,3,5,9,15 	17
2,5,15 	340
2,3,4,5,6,8,15 	1
2,5,14 	4
2,5,6,8,9,10,11,15,17,19 	1
11,12 	2952
1,4,6,11,16,19 	10
2,4,5,6,8,15,19 	1
2,5,12 	12
2,5,11 	16
11,13 	2
2,5,10 	38
2,8,12,15 	3
2,8,12,14 	1
2,5,18 	1
2,4,5,6 	2139
5,15,19 	2
1,4,6,15,16 	1
1,4,6,15,17 	1
1,4,6,15,19 	55
1,2,4 	38
11,16 	542
1,2,3 	3
11,15 	152
4,8,16,17 	5
11,17 	3
4,6,8,15,16,19 	1
1,6,11,16 	10
11,19 	84113
1,6,11,19 	143
8,15,19 	11
7,8 	38
7,9 	2
8,15,16 	28
8,15,17 	9
2,3,4,9,15 	3
2,4,5,6,8,11,15,19 	3
5,6,15,19 	21
7,8,15 	5
1,2,4,8,12,19 	4
4,6,7,18 	1
4,6,7,19 	21
4,6,7,16 	158
4,6,7,17 	1
2,3,4,5,6,8,9,10,15 	1
4,6,7,10 	10
2,4,5,6,10,11,19 	3
4,6,7,11 	18
2,3,6,8,9,10,12,15,17,19 	3
4,6,7,14 	1
2,3,4,5,6,9,11,15,17,19 	4
2,4,5,6,10,11,15 	13
4,6,7,15 	94
1,6,12,19 	1
4,6,7,13 	19
1,16,17 	5
2,4,7,14 	2
2,4,7,15 	3
1,16,19 	7335
2,3,4,5,6,11,15,17,19 	1
2,3,4,5,6,15,19 	3
2,4,7,13 	4
4,6,12,15 	6
2,4,7,11 	2
4,6,12,19 	8
7,11,15 	1
11,15,19 	3
1,2,4,16 	1
1,2,4,15 	28
2,5,6,9,19 	1
1,2,4,19 	97
1,4,6,7,15,19 	6
4,6,7 	1650
4,6,9 	213
4,6,8 	14057
2,3,4,5,15,19 	1
2,4,6,7,15,16 	2
2,9,12,15,19 	1
2,4,6,7,15,19 	10
1,2,16,19 	1
4,11,16,17 	1
4,6,8,12,19 	1
2,5,6,8,9,10,12,15,17,19 	2
2,5,6,9,15 	1
3,15,19 	6
2,6,9,12,15,17,19 	1
1,8,11,19 	2
2,4,6,17,19 	1
2,5,6,11,15 	1
1,4,11,16,17 	1
1,4,11,16,19 	1
4,6,8,12,15 	1
2,4,5,6,8,10,11,15 	9
9,18 	1
9,19 	8
1,2,4,6,10,15,19 	1
1,4,6,11,19 	706
1,2,4,11,12,19 	4
1,4,6,11,17 	1
6,16,17 	3
1,4,6,11,16 	15
1,4,6,11,15 	2
6,16,19 	114
9,10 	63
9,11 	2
2,4,5,6,8,9,15,17 	1
9,15 	25
3,5,6,15 	20
5,6,9,12,15,17,19 	1
9,12 	1
2,4,5,6,8,9,15,19 	1
6,7,11,19 	1
2,3,5,6,8,10,12,15 	1
2,3,4,5,8,9,10,14,15 	1
3,5,6,15,19 	11
7,15,16,17 	1
1,15,17,19 	1
2,3,5,8,9,15 	15
1,4,6,8,10,16 	2
3,4,5,6,8,9,10,11,12,15,17,19 	1
5,6 	526683
5,7 	1933
1,4,8,16 	1
5,8 	99
1,4,8,19 	566
5,9 	5
14,15 	7
2,6,10,12,15,19 	1
2,5,8,10,15 	25
2,4,5,6,11,17,19 	1
2,3,4,6,8,9,15,19 	1
2,5,6,9,12,15,17,19 	1
2,3,12,15 	1
2,3,5,11 	2
2,3,5,14 	1
2,3,5,15 	25
4,5,6,8,10,11,15 	2
14,18 	273
3,9,12,15 	2
1,2,4,6,8 	223
1,2,4,6,7 	213
2,3,14 	6
2,3,15 	8
4,6,11,17,19 	1
2,3,11 	1
1,4,6,13,19 	6
2,4,5,7,14,17,18 	1
1,6,8,16,19 	1
3,5,8,15 	1
1,6,8,16,17 	2
2,3,4,6,9,11,12,15,17,19 	1
5,6,9 	1
5,6,8 	3
5,6,7 	7
1,2,4,5,6,15,19 	24
2,5,6,8,10,15,17 	1
2,5,6,8,10,15,19 	1
6,7,13,15 	3
6,7,13,14 	1
2,3,5,6,9,10,15,17,19 	1
2,6,15,19 	13
8,17,19 	2
4,5,6,12,15 	9
1,7,15,16,19 	1
1,4,15,19 	60
3,6,12,15,19 	1
4,7,14,18 	3
3,5,8,9,10,12,15 	1
1,4,6,8,11,16,19 	2
4,5,6,11,15,19 	10
2,4,5,15 	50
2,3,5,8,9,10,12,15 	10
2,3,9,10,12,15 	2
2,4,5,11 	12
2,5,11,15 	1
6,8,17,19 	1
2,4,5,13 	2
2,3,4,5,9,10,14,15 	1
3,4,5,6,10,11 	2
3,4 	14920
2,4,5,19 	2
3,5 	5689
3,6 	2931
3,7 	1
3,8 	1
7,8,15,16,17 	1
3,5,12,15 	1
4,5,10,15 	2
18,19 	35
3,6,11,19 	1
4,5,7,13 	8
1,4,7,8,15,16 	1
2,5,6,7,14 	1
1,4,17,19 	3
2,5,6,7,13 	3
2,4,5,6,10,11,15,19 	2
4,5,6,14,19 	1
1,6,7,11 	4
5,10,14 	1
1,6,7,10 	25
2,3,4,5,6,7,9,15 	1
2,6,7 	187
5,10,15 	6
5,13,14,18 	4
1,4,6,7,8,17 	1
1,4,6,7,8,16 	70
1,6,7,19 	6
1,6,7,16 	24
2,6,8 	45
5,10,11 	1
2,13,18 	1
1,2,4,6,11,19 	44
2,3,6,8,9,10,15,17,19 	2
2,13,15 	1
2,13,14 	1
3,4,6 	787
3,4,5 	14
2,3,8,9,12,15 	7
1,2,4,6,8,15,19 	1
3,4,5,6,11,12,15,17,19 	1
2,3,4,5,8,9,10,12,15 	5
1,2,4,6,19 	105
2,3,4,6,8,11 	1
2,4,6,10,12 	1
2,4,6,10,11 	3
4,6,7,8,10 	1
1,2,4,6,16 	313
4,6,7,8,11 	1
2,3,4,6,8,15 	1
2,4,6,10,16 	1
2,4,6,10,15 	3
1,2,4,6,11 	7
4,5,10,11 	1
4,6,7,8,16 	49
1,2,4,6,10 	63
4,6,7,8,17 	1
2,4,6,10,19 	2
1,4,5,11,19 	2
3,6,12,14,15,19 	1
1,2,4,5,6,7,11,15,19 	5
3,5,10 	2
3,4,6,8,9,15,19 	2
1,2,4,12,14,19 	1
2,3,4,5,6,11,14,15,17 	1
2,3,4,5,6,14 	1
2,8,16,17 	17
2,3,4,5,6,11 	5
2,6,7,8,16 	1
3,5,19 	1
4,6,8,9,10,12,15,19 	1
2,3,4,5,6,15 	3
4,6,10,11 	135
2,3,5,8,9,10,12,14,15 	1
3,5,11 	5
2,6,8,15,17,19 	1
3,5,15 	177
4,5,6,10,11,19 	3
6,8,12 	7
6,8,11 	25
1,3,4,19 	1
4,5,6,10,11,15 	9
6,8,16 	45
4,6,16,17,19 	2
6,8,15 	24
2,6,8,15,19 	2
2,4,6,8,9,15,19 	1
4,6,10,15 	2
4,6,10,16 	41
4,7,11 	2
1,7,8,10,15,16 	4
4,7,13 	32
1,2,3,9,15,19 	1
5,6,9,15,19 	3
1,4,6,8,15,16,19 	1
2,3,4,5,6,8,9,11,15,17,19 	2
4,7,15 	13
4,7,14 	2
4,7,16 	1
4,7,19 	1
4,7,18 	14
4,5,6,9,15 	7
1,2 	447
1,3 	3
1,4 	1594
6,8,19 	15
1,5 	373
1,6 	142501
6,8,17 	25
1,7 	6249
1,8 	2703
2,4,6,7,13,15 	2
1,2,6,8,15,16,19 	1
4,6,7,15,19 	8
4,6,7,15,16 	3
2,10,14,15 	1
5,7,13,14,18 	8
2,3,4,6,9,12,15 	1
1,6,8,15,17,19 	5
4,6,7,13,15,19 	2
1,2,4,6,7,15,19 	2
4,8,11,17 	9
4,8,11,12 	2
4,8,11,19 	39
1,6,16,19 	38
2,3,4,5,6,11,19 	2
2,3,4,5,6,9,11,12,15,17,19 	2
6,8,15,17 	2
2,3,4,5,6,11,15 	2
6,8,15,19 	2
1,12,19 	100
2,3,4,5,6,9,15,17,19 	2
2,4,5,8,10,14,15 	1
4,9,11 	2
3,6,8 	1
4,9,15 	9
1,2,8,15,16 	132
1,2,8,15,17 	2
4,5,6,8,11,15,19 	1
1,5,15 	9
1,8,15,16 	75
1,5,16 	1
1,8,15,17 	3
4,5,6,7,13 	2
2,4,6,7,11,15 	2
2,3,4,6,9,10,12,15,17,19 	3
3,4,6,19 	2
16,19 	262920
3,4,6,15 	9
1,2,4,5,6,7,15,19 	3
16,17 	30
3,4,6,12 	1
2,16 	1215
3,4,6,11 	30
2,15 	807
2,3,5,6,8,11,12,15,19 	1
2,14 	91
1,8,15,19 	20
2,13 	102
2,4,5,6,8,10,15 	6
2,12 	454
2,11 	234
2,10 	24
2,4,5,6,8,10,11 	4
2,5,8,12,15 	2
1,2,4,6,8,15,16,17 	1
4,6,8,16,19 	122
1,2,4,6,8,15,16,19 	1
2,5,6,9,10,15,17,19 	1
4,6,8,16,17 	112
2,11,15 	1
2,5,6,8,9,15,17,19 	1
4,5,8,11,15,19 	1
6,9,14,15 	1
2,11,12 	229
2,3,5,6,9,12,15 	1
2,4,5,11,19 	1
2,6,12,15,19 	1
2,4,5,11,15 	2
2,11,19 	18
2,4,5,6,10,11 	17
2,4,5,6,8,10,15,19 	1
1,9,15,19 	1
2,4,5,6,10,15 	9
3,4,5,9,15 	6
2,19 	65
3,6,8,9,12,15,17 	1
2,4,5,6,10,19 	1
2,17 	7
4,10,11 	363
4,10,16 	1
1,2,7,8,15 	5
6,7,15,19 	2
1,11,12 	4
1,7,8,15,16 	128
2,3,4,8,9,12,15 	1
2,5,6,9,12,15,17 	1
1,2,4,5,6,11,19 	7
10,11 	24
1,11,16 	18
10,12 	1
1,11,19 	15781
1,2,4,5,6,11,15 	1
2,6,9,15,17,19 	1
2,6,7,13,15 	1
1,3,4,6,19 	2
4,5,6,8 	111
4,5,6,9 	1
4,6,17,19 	24
4,15,17,19 	2
4,5,6,8,9,10,12,15,17,19 	1
2,3,6,8,9,12,15,17 	1
2,6,7,13,19 	1
2,6,8,9,10,12,15,17,19 	1
2,3,4,5,8,15 	3
5,7,14,18 	14
10,12,15,19 	1
4,8,15,19 	41
4,8,15,17 	2
2,7,15,16 	60
3,6,14,15 	1
10,15 	2
10,16 	216
1,2,4,7,13,15 	1
1,4,6,7,10,16 	2
2,3,4,5,10,15 	1
1,4,5,6,19 	87
10 	1593
11 	2736082
12 	1691
13 	1776
2,3,8,9 	1
14 	1826
15,16,19 	2464
15 	5629
16 	367719
17 	1384
18 	12111
19 	3083826
2,3,4,5,6,8,9,15 	2
2,4,5,6,12,15,19 	1
2,3,5,15,19 	1
2,4,5,6,12,15,17 	1
2,4,6,8 	482
2,4,6,9,15,17,19 	1
4,5,10 	1
2,4,6,9 	1
4,5,11 	568
2,4,6,7 	274
4,5,13 	2
4,5,15 	118
2,3,5,6,19 	2
4,5,19 	15
2,3,5,6,15 	6
2,3,5,6,14 	1
4,6,11,13,15 	2
1,4,6,8,15,16 	1
1,5,8 	2
6,9,15,19 	2
1,4,6,8,15,19 	16
2,3,5,8,9,10,11,12,15 	1
3,4,6,8,15,19 	1
1,11,16,19 	5
1,5,6 	54
1,4,6,11,15,19 	26
2,6,11,19 	2
6,13,15,19 	1
4,5,6,10,11,15,19 	1
4,6,7,11,15,19 	1
1,4,6,8,11,15,17,19 	1
2,3,8 	2
5,6,10,12,15,19 	1
2,3,4 	11
2,4,6,10,11,15 	2
4,6,9,11,12 	1
2,3,6 	10
2,3,5 	118
6,12,14,15,19 	1
5,6,9,15 	15
1,4,8,16,17 	2
2,6,8,9,15,17 	1
3,5,6,9,15,17,19 	2
3,6,8,9,10,12,15,17,19 	1
1,2,4,7,8,15,16 	1
7,8,15,16 	60
2,4,6,7,8 	8
2,4,5,6,15,17,19 	2
2,5,6,8,9,10,15,19 	1
3,5,6,8,9,12,15,17,19 	1
2,3,5,6,9,12,15,17,19 	2
2,4,6,8,11 	82
2,4,6,8,12 	7
2,4,6,8,10 	2
2,4,5,6,7,15 	2
2,4,6,12,15 	2
1,8,17,19 	2
9,12,15,19 	83
2,3,5,6,8,15 	1
1,8,11,12,19 	3
2,5,6,8,9,10,15,17 	1
2,4,5,6,7,13 	4
1,2,4,8,11,15,16,17 	1
2,6,8,16,19 	1
4,11 	174850
4,12 	856
6,9,15 	14
4,13 	420
4,14 	147
5,6,19 	122
2,14,15 	1
4,15 	3880
4,16 	42942
4,17 	642
5,6,14 	7
6,9,12 	1
1,4,6,11,13,19 	1
4,18 	17
5,6,15 	1459
1,2,6,8,15,16 	2
2,8,14 	1
2,4,11,15 	1
2,8,15 	58
3,4,5,9,14,15 	1
5,6,11,19 	2
2,5,8,10,11,15 	1
2,8,16 	433
2,8,17 	30
1,8,10 	25
2,8,19 	8
5,6,11,15 	2
2,4,11,12 	20
4,10 	856
1,4,6,8,10 	2
1,8,15 	6
1,4,6,8,11 	1
2,5,6,8,9,12,15,17 	2
2,4,6,8,19 	6
1,8,19 	111
2,4,5,6,8,9,11,12,15,17,19 	3
2,4,6,8,17 	20
3,5,6,12,14,15 	1
3,5,6,12,15 	1
1,2,4,6,8,16,17,19 	1
2,8,10 	7
1,8,17 	8
2,4,6,8,15 	16
2,8,11 	19
1,8,16 	1811
2,4,6,8,16 	301
2,8,12 	92
5,6,12 	1
2,6,8,9,15 	1
5,6,13 	2
5,6,10 	1
5,6,11 	521
6,9,19 	2
2,3,9,12,15,17,19 	1
1,2,4,7,15 	1
1,2,8,15 	10
1,4,6,8,19 	64
1,2,8,16 	372
1,3,6,15,19 	1
1,4,5,6,11,19 	53
1,2,8,11 	1
1,4,6,8,15 	1
1,4,5,6,11,15 	1
1,4,6,8,16 	913
1,6,11,15,19 	3
1,4,6,8,17 	20
2,3,5,6,8,9,10,12,15,17,19 	1
2,6,8,15 	8
2,6,8,16 	7
2,6,8,17 	2
1,2,4,6,8,10 	1
2,6,8,19 	1
1,2,8,19 	24
1,2,4,6,8,17 	19
4,12,19 	1
4,19 	5652
1,2,4,6,8,16 	199
1,2,4,6,8,19 	4
2,6,8,10 	4
1,4,6,7,8,16,17 	1
2,6,8,12 	4
3,6,9,10,15,17 	1
4,6,7,13,19 	1
4,5,6,8,10,15 	1
4,6,7,13,15 	4
5,6,12,14,15 	1
4,5,6,8,10,11 	3
2,3,4,5,9,12,15 	2
2,7,8,15 	1
2,3,6,9,10,12,15,17,19 	2
1,2,4,6,8,12,19 	2
1,2,3,10,15 	1
2,5,6 	1463
2,5,8 	55
2,5,6,15,19 	25
2,5,7 	13
1,4,11,12,19 	2
3,6,12,15 	1
4,6,11,12,15,19 	6
2,3,5,6,8,15,19 	1
2,3,5,6,8,15,17 	1
4,5,6,9,15,17,19 	1
1,5,6,19 	4
1,2,4,6 	893
6,12,19 	7
1,2,4,5 	5
2,4,11,19 	10
6,12,15 	33
1,2,4,6,17,19 	1
4,6,8,11,15,17 	1
1,2,10,15 	5
4,6,8,11,15,19 	3
1,2,10,16 	58
1,4,6,8,17,19 	4
1,4,6,11,17,19 	1
2,3,5,9,10,12,15 	2
8,15,16,17 	5
2,6,13,19 	1
2,3,5,6,8,9,12,15,17,19 	1
4,6,7,11,13,19 	1
4,6,7,11,13 	1
2,5,7,14 	1
2,5,7,13 	6
4,5,6,8,12,15 	3
11,12,19 	6
2,3,5,6,15,19 	2
2,4,6,8,11,15,17 	1
1,4,6,13,15,19 	1
1,8,15,16,17 	4
4,6,7,11,19 	4
5,6,7,15 	1
1,8,15,16,19 	1
5,6,7,13 	7
2,3,4,5,6 	19
4,5,15,19 	1
6,14,15 	2
8,12,15 	2
6,14,18 	1
2,4,5,6,7,11,15,19 	1
4,16,17 	9
1,2,4,6,7,8,10,16 	2
2,6,8,9,15,17,19 	2
4,16,19 	16
4,6,15,16 	2
2,4,5,8,10,12,14,15 	1
5,6,9,10,15,17 	1
2,3,4,5 	2
2,3,4,6 	30
6,14 	60
2,6,17 	4
6,13 	303
2,6,16 	30
6,16 	9836
2,6,15 	108
6,15 	11101
2,6,14 	11
6,18 	5
1,4,6,8,11,15,17 	1
2,6,13 	16
6,17 	68
12,15 	8
2,6,12 	29
2,6,11 	28
6,19 	9802
2,5,6,8,9,12,15,17,19 	1
4,6,15,19 	126
4,5,6,11,15,17,19 	1
4,6,15,17 	1
6,10 	1115
6,12 	450
2,6,19 	131
6,11 	17190
2,6,10 	15
1,2,8,12,19 	1
12,16 	8
1,6,10,16 	5
12,19 	90
4,8,17,19 	64
2,5,6,7 	4
2,5,6,8 	1
2,5,6,9 	2
2,3,5,6,8,9,10,12,14,15,17,19 	1
2,5,15,19 	1
1,6,10,11 	1
1,2,7,12,15 	1
1,2,4,5,7,15 	7
2,5,6,8,9,15,17 	3
4,6,8,16,17,19 	3
2,8,11,12 	70
6,7,11,15,19 	1
2,8,10,15,16 	1
1,2,6,8 	30
1,2,6,7 	275
2,3,4,9,10,15 	1
9,12,15 	12
1,7,10,15 	1
2,3,5,8,15 	6
3,4,5,9,11,15,19 	1
4,5,6,10,11 	91
4,5,6,10,14 	1
2,3,4,5,15 	6
4,5,6,10,15 	4
13,14,18 	66
4,5,6,10,19 	2
13,14,17 	1
5,14,18 	2
1,4,6,16,17 	2
1,4,6,7 	579
6,11,15,19 	1
1,4,6,16,19 	213
1,4,6,8 	1338
2,3,4,6,8,9,10,12,15,17,19 	1
1,2,8,10,16 	3
3,5,6,9,12,15,17,19 	2
5,14,15 	22
2,3,4,8,9,10,11,12,14,15 	1
3,4,6,9,15 	13
2,6,8,9,12,15,17,19 	1
4,5,6,9,12,15,19 	1
4,6,8,11,19 	49
1,4,5,15 	2
4,6,8,11,17 	48
2,4,6,8,16,17 	9
2,4,6,8,16,19 	5
4,6,13,15,19 	5
2,6,8,12,15,19 	1
1,2,6,8,19 	1
1,4,5,6,7,15,19 	3
1,2,6,8,16 	15
2,3,6,12,15,17,19 	1
1,2,6,8,17 	5
2,3,8,15 	2
4,6,8,19 	237
2,3,15,19 	1
4,7,17,18 	2
1,2,4,6,7,10,16 	5
4,6,8,17 	319
3,5,6,9,15,19 	1
4,6,8,12 	13
4,6,8,11 	763
4,6,8,10 	3
4,6,8,11,15 	4
4,6,8,16 	3155
1,2,12,19 	5
4,6,8,11,16 	24
4,6,8,11,17,19 	2
4,6,8,15 	62
1,4,5,19 	1
1,2,4,6,15,19 	2
2,3,6,8 	1
1,2,3,8,9,12,15 	1
2,3,4,8,9,10,15 	1
2,4,5,6,11,15,19 	20
5,8,16 	1
2,4,5,6,15,17 	1
7,14,18 	626
1,4,12,19 	21
2,4,5,6,15,19 	34
2,7,13,15 	68
3,9,14,15 	2
5,8,15 	5
2,7,13,14 	1
1,2,8,10,15,16 	1
6,9,10,12,14,15,19 	1
2,4,6,10,11,15,19 	1
3,6,9,15 	17
2,4,6,8,9,12,15,17,19 	2
3,9,15 	17
5,8,10 	1
2,3,4,5,6,8,9,12,15,17,19 	2
4,6,11,15,17 	1
2,3,5,8,9,10,15 	10
2,4,5,7,13 	2
4,6,11,15,19 	16
2,4,5,6,10,15,19 	2
2,4,5,7,15 	1
3,5,6,9,10,15,19 	1
1,2,6,11 	1
1,2,6,10 	37
3,4,5,6,14,15,19 	1
1,8,10,16 	6
2,4,5,6,8,10,11,15,17,19 	1
1,2,6,15 	1
3,5,6,8,15,19 	2
2,3,6,8,9,10,12,14,15,17,19 	1
1,2,6,19 	6
2,4,6,16,19 	7
1,2,6,17 	1
1,2,4,6,7,13,15,19 	1
1,2,6,16 	22
2,3,4,5,6,9,12,15 	1
3,4,6,9 	1
1,11,12,19 	27
1,2,4,12,19 	16
2,6,13,15 	1
